-2.01825e-08 -2.01825e-08 -2.01825e-08 -1.69028e-08 -1.36231e-08 -1.36231e-08 -1.36231e-08 -1.36231e-08 -1.69028e-08 -2.01825e-08 -2.01825e-08 -2.01825e-08 -1.69028e-08 -1.36231e-08 -1.36231e-08 -1.36231e-08 -1.36231e-08 -1.69028e-08
-2.57549e-07 -2.57549e-07 -2.57549e-07 -1.99062e-07 -1.40575e-07 -1.40575e-07 -1.40575e-07 -1.40575e-07 -1.99062e-07 -2.57549e-07 -2.57549e-07 -2.57549e-07 -1.99062e-07 -1.40575e-07 -1.40575e-07 -1.40575e-07 -1.40575e-07 -1.99062e-07
-1.74393e-06 -1.74393e-06 -1.74393e-06 -1.42864e-06 -1.11334e-06 -1.11334e-06 -1.11334e-06 -1.11334e-06 -1.42864e-06 -1.74393e-06 -1.74393e-06 -1.74393e-06 -1.42864e-06 -1.11334e-06 -1.11334e-06 -1.11334e-06 -1.11334e-06 -1.42864e-06
-5.61053e-06 -5.61053e-06 -5.61053e-06 -4.75437e-06 -3.89821e-06 -3.89821e-06 -3.89821e-06 -3.89821e-06 -4.75437e-06 -5.61053e-06 -5.61053e-06 -5.61053e-06 -4.75437e-06 -3.89821e-06 -3.89821e-06 -3.89821e-06 -3.89821e-06 -4.75437e-06
-1.02967e-05 -1.02967e-05 -1.02967e-05 -8.91932e-06 -7.54197e-06 -7.54197e-06 -7.54197e-06 -7.54197e-06 -8.91932e-06 -1.02967e-05 -1.02967e-05 -1.02967e-05 -8.91932e-06 -7.54197e-06 -7.54197e-06 -7.54197e-06 -7.54197e-06 -8.91932e-06
-1.25578e-05 -1.25578e-05 -1.25578e-05 -1.11275e-05 -9.69709e-06 -9.69709e-06 -9.69709e-06 -9.69709e-06 -1.11275e-05 -1.25578e-05 -1.25578e-05 -1.25578e-05 -1.11275e-05 -9.69709e-06 -9.69709e-06 -9.69709e-06 -9.69709e-06 -1.11275e-05
-1.25126e-05 -1.25126e-05 -1.25126e-05 -1.14102e-05 -1.03078e-05 -1.03078e-05 -1.03078e-05 -1.03078e-05 -1.14102e-05 -1.25126e-05 -1.25126e-05 -1.25126e-05 -1.14102e-05 -1.03078e-05 -1.03078e-05 -1.03078e-05 -1.03078e-05 -1.14102e-05
-1.43887e-05 -1.43887e-05 -1.43887e-05 -1.33739e-05 -1.23591e-05 -1.23591e-05 -1.23591e-05 -1.23591e-05 -1.33739e-05 -1.43887e-05 -1.43887e-05 -1.43887e-05 -1.33739e-05 -1.23591e-05 -1.23591e-05 -1.23591e-05 -1.23591e-05 -1.33739e-05
-2.17754e-05 -2.17754e-05 -2.17754e-05 -2.0105e-05 -1.84347e-05 -1.84347e-05 -1.84347e-05 -1.84347e-05 -2.0105e-05 -2.17754e-05 -2.17754e-05 -2.17754e-05 -2.0105e-05 -1.84347e-05 -1.84347e-05 -1.84347e-05 -1.84347e-05 -2.0105e-05
-3.27491e-05 -3.27491e-05 -3.27491e-05 -2.97982e-05 -2.68472e-05 -2.68472e-05 -2.68472e-05 -2.68472e-05 -2.97982e-05 -3.27491e-05 -3.27491e-05 -3.27491e-05 -2.97982e-05 -2.68472e-05 -2.68472e-05 -2.68472e-05 -2.68472e-05 -2.97982e-05
-4.03409e-05 -4.03409e-05 -4.03409e-05 -3.63188e-05 -3.22968e-05 -3.22968e-05 -3.22968e-05 -3.22968e-05 -3.63188e-05 -4.03409e-05 -4.03409e-05 -4.03409e-05 -3.63188e-05 -3.22968e-05 -3.22968e-05 -3.22968e-05 -3.22968e-05 -3.63188e-05
-4.06472e-05 -4.06472e-05 -4.06472e-05 -3.66646e-05 -3.2682e-05 -3.2682e-05 -3.2682e-05 -3.2682e-05 -3.66646e-05 -4.06472e-05 -4.06472e-05 -4.06472e-05 -3.66646e-05 -3.2682e-05 -3.2682e-05 -3.2682e-05 -3.2682e-05 -3.66646e-05
-3.84941e-05 -3.84941e-05 -3.84941e-05 -3.55929e-05 -3.26917e-05 -3.26917e-05 -3.26917e-05 -3.26917e-05 -3.55929e-05 -3.84941e-05 -3.84941e-05 -3.84941e-05 -3.55929e-05 -3.26917e-05 -3.26917e-05 -3.26917e-05 -3.26917e-05 -3.55929e-05
-4.075e-05 -4.075e-05 -4.075e-05 -3.8936e-05 -3.7122e-05 -3.7122e-05 -3.7122e-05 -3.7122e-05 -3.8936e-05 -4.075e-05 -4.075e-05 -4.075e-05 -3.8936e-05 -3.7122e-05 -3.7122e-05 -3.7122e-05 -3.7122e-05 -3.8936e-05
-4.73583e-05 -4.73583e-05 -4.73583e-05 -4.56805e-05 -4.40026e-05 -4.40026e-05 -4.40026e-05 -4.40026e-05 -4.56805e-05 -4.73583e-05 -4.73583e-05 -4.73583e-05 -4.56805e-05 -4.40026e-05 -4.40026e-05 -4.40026e-05 -4.40026e-05 -4.56805e-05
-5.28324e-05 -5.28324e-05 -5.28324e-05 -5.02596e-05 -4.76868e-05 -4.76868e-05 -4.76868e-05 -4.76868e-05 -5.02596e-05 -5.28324e-05 -5.28324e-05 -5.28324e-05 -5.02596e-05 -4.76868e-05 -4.76868e-05 -4.76868e-05 -4.76868e-05 -5.02596e-05
-5.31385e-05 -5.31385e-05 -5.31385e-05 -4.96479e-05 -4.61572e-05 -4.61572e-05 -4.61572e-05 -4.61572e-05 -4.96479e-05 -5.31385e-05 -5.31385e-05 -5.31385e-05 -4.96479e-05 -4.61572e-05 -4.61572e-05 -4.61572e-05 -4.61572e-05 -4.96479e-05
-4.90149e-05 -4.90149e-05 -4.90149e-05 -4.59748e-05 -4.29347e-05 -4.29347e-05 -4.29347e-05 -4.29347e-05 -4.59748e-05 -4.90149e-05 -4.90149e-05 -4.90149e-05 -4.59748e-05 -4.29347e-05 -4.29347e-05 -4.29347e-05 -4.29347e-05 -4.59748e-05
-4.38743e-05 -4.38743e-05 -4.38743e-05 -4.28606e-05 -4.18468e-05 -4.18468e-05 -4.18468e-05 -4.18468e-05 -4.28606e-05 -4.38743e-05 -4.38743e-05 -4.38743e-05 -4.28606e-05 -4.18468e-05 -4.18468e-05 -4.18468e-05 -4.18468e-05 -4.28606e-05
-3.93943e-05 -3.93943e-05 -3.93943e-05 -4.06811e-05 -4.1968e-05 -4.1968e-05 -4.1968e-05 -4.1968e-05 -4.06811e-05 -3.93943e-05 -3.93943e-05 -3.93943e-05 -4.06811e-05 -4.1968e-05 -4.1968e-05 -4.1968e-05 -4.1968e-05 -4.06811e-05
-3.53727e-05 -3.53727e-05 -3.53727e-05 -3.79034e-05 -4.0434e-05 -4.0434e-05 -4.0434e-05 -4.0434e-05 -3.79034e-05 -3.53727e-05 -3.53727e-05 -3.53727e-05 -3.79034e-05 -4.0434e-05 -4.0434e-05 -4.0434e-05 -4.0434e-05 -3.79034e-05
-3.20422e-05 -3.20422e-05 -3.20422e-05 -3.4567e-05 -3.70917e-05 -3.70917e-05 -3.70917e-05 -3.70917e-05 -3.4567e-05 -3.20422e-05 -3.20422e-05 -3.20422e-05 -3.4567e-05 -3.70917e-05 -3.70917e-05 -3.70917e-05 -3.70917e-05 -3.4567e-05
-2.83007e-05 -2.83007e-05 -2.83007e-05 -3.05053e-05 -3.271e-05 -3.271e-05 -3.271e-05 -3.271e-05 -3.05053e-05 -2.83007e-05 -2.83007e-05 -2.83007e-05 -3.05053e-05 -3.271e-05 -3.271e-05 -3.271e-05 -3.271e-05 -3.05053e-05
-2.12194e-05 -2.12194e-05 -2.12194e-05 -2.39753e-05 -2.67313e-05 -2.67313e-05 -2.67313e-05 -2.67313e-05 -2.39753e-05 -2.12194e-05 -2.12194e-05 -2.12194e-05 -2.39753e-05 -2.67313e-05 -2.67313e-05 -2.67313e-05 -2.67313e-05 -2.39753e-05
-1.10544e-05 -1.10544e-05 -1.10544e-05 -1.55195e-05 -1.99846e-05 -1.99846e-05 -1.99846e-05 -1.99846e-05 -1.55195e-05 -1.10544e-05 -1.10544e-05 -1.10544e-05 -1.55195e-05 -1.99846e-05 -1.99846e-05 -1.99846e-05 -1.99846e-05 -1.55195e-05
-2.49166e-06 -2.49166e-06 -2.49166e-06 -9.09425e-06 -1.56968e-05 -1.56968e-05 -1.56968e-05 -1.56968e-05 -9.09425e-06 -2.49166e-06 -2.49166e-06 -2.49166e-06 -9.09425e-06 -1.56968e-05 -1.56968e-05 -1.56968e-05 -1.56968e-05 -9.09425e-06
1.00352e-06 1.00352e-06 1.00352e-06 -7.12522e-06 -1.5254e-05 -1.5254e-05 -1.5254e-05 -1.5254e-05 -7.12522e-06 1.00352e-06 1.00352e-06 1.00352e-06 -7.12522e-06 -1.5254e-05 -1.5254e-05 -1.5254e-05 -1.5254e-05 -7.12522e-06
8.83852e-07 8.83852e-07 8.83852e-07 -7.23927e-06 -1.53624e-05 -1.53624e-05 -1.53624e-05 -1.53624e-05 -7.23927e-06 8.83852e-07 8.83852e-07 8.83852e-07 -7.23927e-06 -1.53624e-05 -1.53624e-05 -1.53624e-05 -1.53624e-05 -7.23927e-06
2.006e-06 2.006e-06 2.006e-06 -4.70613e-06 -1.14182e-05 -1.14182e-05 -1.14182e-05 -1.14182e-05 -4.70613e-06 2.006e-06 2.006e-06 2.006e-06 -4.70613e-06 -1.14182e-05 -1.14182e-05 -1.14182e-05 -1.14182e-05 -4.70613e-06
8.46923e-06 8.46923e-06 8.46923e-06 2.62554e-06 -3.21815e-06 -3.21815e-06 -3.21815e-06 -3.21815e-06 2.62554e-06 8.46923e-06 8.46923e-06 8.46923e-06 2.62554e-06 -3.21815e-06 -3.21815e-06 -3.21815e-06 -3.21815e-06 2.62554e-06
1.96791e-05 1.96791e-05 1.96791e-05 1.22878e-05 4.89636e-06 4.89636e-06 4.89636e-06 4.89636e-06 1.22878e-05 1.96791e-05 1.96791e-05 1.96791e-05 1.22878e-05 4.89636e-06 4.89636e-06 4.89636e-06 4.89636e-06 1.22878e-05
3.09597e-05 3.09597e-05 3.09597e-05 2.04566e-05 9.95342e-06 9.95342e-06 9.95342e-06 9.95342e-06 2.04566e-05 3.09597e-05 3.09597e-05 3.09597e-05 2.04566e-05 9.95342e-06 9.95342e-06 9.95342e-06 9.95342e-06 2.04566e-05
3.7272e-05 3.7272e-05 3.7272e-05 2.51279e-05 1.29838e-05 1.29838e-05 1.29838e-05 1.29838e-05 2.51279e-05 3.7272e-05 3.7272e-05 3.7272e-05 2.51279e-05 1.29838e-05 1.29838e-05 1.29838e-05 1.29838e-05 2.51279e-05
3.67711e-05 3.67711e-05 3.67711e-05 2.64108e-05 1.60505e-05 1.60505e-05 1.60505e-05 1.60505e-05 2.64108e-05 3.67711e-05 3.67711e-05 3.67711e-05 2.64108e-05 1.60505e-05 1.60505e-05 1.60505e-05 1.60505e-05 2.64108e-05
3.44221e-05 3.44221e-05 3.44221e-05 2.77311e-05 2.10401e-05 2.10401e-05 2.10401e-05 2.10401e-05 2.77311e-05 3.44221e-05 3.44221e-05 3.44221e-05 2.77311e-05 2.10401e-05 2.10401e-05 2.10401e-05 2.10401e-05 2.77311e-05
3.93688e-05 3.93688e-05 3.93688e-05 3.47402e-05 3.01116e-05 3.01116e-05 3.01116e-05 3.01116e-05 3.47402e-05 3.93688e-05 3.93688e-05 3.93688e-05 3.47402e-05 3.01116e-05 3.01116e-05 3.01116e-05 3.01116e-05 3.47402e-05
5.3391e-05 5.3391e-05 5.3391e-05 4.78336e-05 4.22762e-05 4.22762e-05 4.22762e-05 4.22762e-05 4.78336e-05 5.3391e-05 5.3391e-05 5.3391e-05 4.78336e-05 4.22762e-05 4.22762e-05 4.22762e-05 4.22762e-05 4.78336e-05
6.59457e-05 6.59457e-05 6.59457e-05 5.83987e-05 5.08518e-05 5.08518e-05 5.08518e-05 5.08518e-05 5.83987e-05 6.59457e-05 6.59457e-05 6.59457e-05 5.83987e-05 5.08518e-05 5.08518e-05 5.08518e-05 5.08518e-05 5.83987e-05
6.6133e-05 6.6133e-05 6.6133e-05 5.81648e-05 5.01965e-05 5.01965e-05 5.01965e-05 5.01965e-05 5.81648e-05 6.6133e-05 6.6133e-05 6.6133e-05 5.81648e-05 5.01965e-05 5.01965e-05 5.01965e-05 5.01965e-05 5.81648e-05
5.63266e-05 5.63266e-05 5.63266e-05 5.05224e-05 4.47181e-05 4.47181e-05 4.47181e-05 4.47181e-05 5.05224e-05 5.63266e-05 5.63266e-05 5.63266e-05 5.05224e-05 4.47181e-05 4.47181e-05 4.47181e-05 4.47181e-05 5.05224e-05
4.95593e-05 4.95593e-05 4.95593e-05 4.74722e-05 4.53851e-05 4.53851e-05 4.53851e-05 4.53851e-05 4.74722e-05 4.95593e-05 4.95593e-05 4.95593e-05 4.74722e-05 4.53851e-05 4.53851e-05 4.53851e-05 4.53851e-05 4.74722e-05
5.47845e-05 5.47845e-05 5.47845e-05 5.55173e-05 5.62502e-05 5.62502e-05 5.62502e-05 5.62502e-05 5.55173e-05 5.47845e-05 5.47845e-05 5.47845e-05 5.55173e-05 5.62502e-05 5.62502e-05 5.62502e-05 5.62502e-05 5.55173e-05
6.71904e-05 6.71904e-05 6.71904e-05 6.79955e-05 6.88007e-05 6.88007e-05 6.88007e-05 6.88007e-05 6.79955e-05 6.71904e-05 6.71904e-05 6.71904e-05 6.79955e-05 6.88007e-05 6.88007e-05 6.88007e-05 6.88007e-05 6.79955e-05
7.42442e-05 7.42442e-05 7.42442e-05 7.33919e-05 7.25396e-05 7.25396e-05 7.25396e-05 7.25396e-05 7.33919e-05 7.42442e-05 7.42442e-05 7.42442e-05 7.33919e-05 7.25396e-05 7.25396e-05 7.25396e-05 7.25396e-05 7.33919e-05
6.99417e-05 6.99417e-05 6.99417e-05 6.91688e-05 6.8396e-05 6.8396e-05 6.8396e-05 6.8396e-05 6.91688e-05 6.99417e-05 6.99417e-05 6.99417e-05 6.91688e-05 6.8396e-05 6.8396e-05 6.8396e-05 6.8396e-05 6.91688e-05
6.00249e-05 6.00249e-05 6.00249e-05 6.32344e-05 6.64439e-05 6.64439e-05 6.64439e-05 6.64439e-05 6.32344e-05 6.00249e-05 6.00249e-05 6.00249e-05 6.32344e-05 6.64439e-05 6.64439e-05 6.64439e-05 6.64439e-05 6.32344e-05
5.45386e-05 5.45386e-05 5.45386e-05 6.33187e-05 7.20988e-05 7.20988e-05 7.20988e-05 7.20988e-05 6.33187e-05 5.45386e-05 5.45386e-05 5.45386e-05 6.33187e-05 7.20988e-05 7.20988e-05 7.20988e-05 7.20988e-05 6.33187e-05
5.79619e-05 5.79619e-05 5.79619e-05 6.92777e-05 8.05935e-05 8.05935e-05 8.05935e-05 8.05935e-05 6.92777e-05 5.79619e-05 5.79619e-05 5.79619e-05 6.92777e-05 8.05935e-05 8.05935e-05 8.05935e-05 8.05935e-05 6.92777e-05
6.63693e-05 6.63693e-05 6.63693e-05 7.56371e-05 8.49048e-05 8.49048e-05 8.49048e-05 8.49048e-05 7.56371e-05 6.63693e-05 6.63693e-05 6.63693e-05 7.56371e-05 8.49048e-05 8.49048e-05 8.49048e-05 8.49048e-05 7.56371e-05
7.17498e-05 7.17498e-05 7.17498e-05 7.76009e-05 8.3452e-05 8.3452e-05 8.3452e-05 8.3452e-05 7.76009e-05 7.17498e-05 7.17498e-05 7.17498e-05 7.76009e-05 8.3452e-05 8.3452e-05 8.3452e-05 8.3452e-05 7.76009e-05
6.74713e-05 6.74713e-05 6.74713e-05 7.2991e-05 7.85107e-05 7.85107e-05 7.85107e-05 7.85107e-05 7.2991e-05 6.74713e-05 6.74713e-05 6.74713e-05 7.2991e-05 7.85107e-05 7.85107e-05 7.85107e-05 7.85107e-05 7.2991e-05
5.40501e-05 5.40501e-05 5.40501e-05 6.35373e-05 7.30246e-05 7.30246e-05 7.30246e-05 7.30246e-05 6.35373e-05 5.40501e-05 5.40501e-05 5.40501e-05 6.35373e-05 7.30246e-05 7.30246e-05 7.30246e-05 7.30246e-05 6.35373e-05
4.16685e-05 4.16685e-05 4.16685e-05 5.64379e-05 7.12074e-05 7.12074e-05 7.12074e-05 7.12074e-05 5.64379e-05 4.16685e-05 4.16685e-05 4.16685e-05 5.64379e-05 7.12074e-05 7.12074e-05 7.12074e-05 7.12074e-05 5.64379e-05
4.07642e-05 4.07642e-05 4.07642e-05 5.82685e-05 7.57728e-05 7.57728e-05 7.57728e-05 7.57728e-05 5.82685e-05 4.07642e-05 4.07642e-05 4.07642e-05 5.82685e-05 7.57728e-05 7.57728e-05 7.57728e-05 7.57728e-05 5.82685e-05
4.90328e-05 4.90328e-05 4.90328e-05 6.53658e-05 8.16988e-05 8.16988e-05 8.16988e-05 8.16988e-05 6.53658e-05 4.90328e-05 4.90328e-05 4.90328e-05 6.53658e-05 8.16988e-05 8.16988e-05 8.16988e-05 8.16988e-05 6.53658e-05
5.42161e-05 5.42161e-05 5.42161e-05 6.68818e-05 7.95475e-05 7.95475e-05 7.95475e-05 7.95475e-05 6.68818e-05 5.42161e-05 5.42161e-05 5.42161e-05 6.68818e-05 7.95475e-05 7.95475e-05 7.95475e-05 7.95475e-05 6.68818e-05
4.93383e-05 4.93383e-05 4.93383e-05 5.89451e-05 6.8552e-05 6.8552e-05 6.8552e-05 6.8552e-05 5.89451e-05 4.93383e-05 4.93383e-05 4.93383e-05 5.89451e-05 6.8552e-05 6.8552e-05 6.8552e-05 6.8552e-05 5.89451e-05
3.87004e-05 3.87004e-05 3.87004e-05 4.90575e-05 5.94146e-05 5.94146e-05 5.94146e-05 5.94146e-05 4.90575e-05 3.87004e-05 3.87004e-05 3.87004e-05 4.90575e-05 5.94146e-05 5.94146e-05 5.94146e-05 5.94146e-05 4.90575e-05
2.97675e-05 2.97675e-05 2.97675e-05 4.46808e-05 5.95942e-05 5.95942e-05 5.95942e-05 5.95942e-05 4.46808e-05 2.97675e-05 2.97675e-05 2.97675e-05 4.46808e-05 5.95942e-05 5.95942e-05 5.95942e-05 5.95942e-05 4.46808e-05
2.49463e-05 2.49463e-05 2.49463e-05 4.35734e-05 6.22005e-05 6.22005e-05 6.22005e-05 6.22005e-05 4.35734e-05 2.49463e-05 2.49463e-05 2.49463e-05 4.35734e-05 6.22005e-05 6.22005e-05 6.22005e-05 6.22005e-05 4.35734e-05
2.25473e-05 2.25473e-05 2.25473e-05 3.92605e-05 5.59737e-05 5.59737e-05 5.59737e-05 5.59737e-05 3.92605e-05 2.25473e-05 2.25473e-05 2.25473e-05 3.92605e-05 5.59737e-05 5.59737e-05 5.59737e-05 5.59737e-05 3.92605e-05
2.12066e-05 2.12066e-05 2.12066e-05 3.13387e-05 4.14709e-05 4.14709e-05 4.14709e-05 4.14709e-05 3.13387e-05 2.12066e-05 2.12066e-05 2.12066e-05 3.13387e-05 4.14709e-05 4.14709e-05 4.14709e-05 4.14709e-05 3.13387e-05
1.83076e-05 1.83076e-05 1.83076e-05 2.34361e-05 2.85646e-05 2.85646e-05 2.85646e-05 2.85646e-05 2.34361e-05 1.83076e-05 1.83076e-05 1.83076e-05 2.34361e-05 2.85646e-05 2.85646e-05 2.85646e-05 2.85646e-05 2.34361e-05
9.21085e-06 9.21085e-06 9.21085e-06 1.54166e-05 2.16224e-05 2.16224e-05 2.16224e-05 2.16224e-05 1.54166e-05 9.21085e-06 9.21085e-06 9.21085e-06 1.54166e-05 2.16224e-05 2.16224e-05 2.16224e-05 2.16224e-05 1.54166e-05
-5.17788e-06 -5.17788e-06 -5.17788e-06 5.66489e-06 1.65077e-05 1.65077e-05 1.65077e-05 1.65077e-05 5.66489e-06 -5.17788e-06 -5.17788e-06 -5.17788e-06 5.66489e-06 1.65077e-05 1.65077e-05 1.65077e-05 1.65077e-05 5.66489e-06
-1.6407e-05 -1.6407e-05 -1.6407e-05 -3.47512e-06 9.45679e-06 9.45679e-06 9.45679e-06 9.45679e-06 -3.47512e-06 -1.6407e-05 -1.6407e-05 -1.6407e-05 -3.47512e-06 9.45679e-06 9.45679e-06 9.45679e-06 9.45679e-06 -3.47512e-06
-1.891e-05 -1.891e-05 -1.891e-05 -8.98072e-06 9.48602e-07 9.48602e-07 9.48602e-07 9.48602e-07 -8.98072e-06 -1.891e-05 -1.891e-05 -1.891e-05 -8.98072e-06 9.48602e-07 9.48602e-07 9.48602e-07 9.48602e-07 -8.98072e-06
-1.69827e-05 -1.69827e-05 -1.69827e-05 -1.27762e-05 -8.56972e-06 -8.56972e-06 -8.56972e-06 -8.56972e-06 -1.27762e-05 -1.69827e-05 -1.69827e-05 -1.69827e-05 -1.27762e-05 -8.56972e-06 -8.56972e-06 -8.56972e-06 -8.56972e-06 -1.27762e-05
-1.9033e-05 -1.9033e-05 -1.9033e-05 -1.96298e-05 -2.02266e-05 -2.02266e-05 -2.02266e-05 -2.02266e-05 -1.96298e-05 -1.9033e-05 -1.9033e-05 -1.9033e-05 -1.96298e-05 -2.02266e-05 -2.02266e-05 -2.02266e-05 -2.02266e-05 -1.96298e-05
-2.84632e-05 -2.84632e-05 -2.84632e-05 -3.04998e-05 -3.25363e-05 -3.25363e-05 -3.25363e-05 -3.25363e-05 -3.04998e-05 -2.84632e-05 -2.84632e-05 -2.84632e-05 -3.04998e-05 -3.25363e-05 -3.25363e-05 -3.25363e-05 -3.25363e-05 -3.04998e-05
-4.13534e-05 -4.13534e-05 -4.13534e-05 -4.13646e-05 -4.13758e-05 -4.13758e-05 -4.13758e-05 -4.13758e-05 -4.13646e-05 -4.13534e-05 -4.13534e-05 -4.13534e-05 -4.13646e-05 -4.13758e-05 -4.13758e-05 -4.13758e-05 -4.13758e-05 -4.13646e-05
-5.14259e-05 -5.14259e-05 -5.14259e-05 -4.90553e-05 -4.66846e-05 -4.66846e-05 -4.66846e-05 -4.66846e-05 -4.90553e-05 -5.14259e-05 -5.14259e-05 -5.14259e-05 -4.90553e-05 -4.66846e-05 -4.66846e-05 -4.66846e-05 -4.66846e-05 -4.90553e-05
-5.58343e-05 -5.58343e-05 -5.58343e-05 -5.49245e-05 -5.40148e-05 -5.40148e-05 -5.40148e-05 -5.40148e-05 -5.49245e-05 -5.58343e-05 -5.58343e-05 -5.58343e-05 -5.49245e-05 -5.40148e-05 -5.40148e-05 -5.40148e-05 -5.40148e-05 -5.49245e-05
-5.61565e-05 -5.61565e-05 -5.61565e-05 -6.13013e-05 -6.6446e-05 -6.6446e-05 -6.6446e-05 -6.6446e-05 -6.13013e-05 -5.61565e-05 -5.61565e-05 -5.61565e-05 -6.13013e-05 -6.6446e-05 -6.6446e-05 -6.6446e-05 -6.6446e-05 -6.13013e-05
-5.66262e-05 -5.66262e-05 -5.66262e-05 -6.80409e-05 -7.94555e-05 -7.94555e-05 -7.94555e-05 -7.94555e-05 -6.80409e-05 -5.66262e-05 -5.66262e-05 -5.66262e-05 -6.80409e-05 -7.94555e-05 -7.94555e-05 -7.94555e-05 -7.94555e-05 -6.80409e-05
-6.14884e-05 -6.14884e-05 -6.14884e-05 -7.42448e-05 -8.70012e-05 -8.70012e-05 -8.70012e-05 -8.70012e-05 -7.42448e-05 -6.14884e-05 -6.14884e-05 -6.14884e-05 -7.42448e-05 -8.70012e-05 -8.70012e-05 -8.70012e-05 -8.70012e-05 -7.42448e-05
-7.08775e-05 -7.08775e-05 -7.08775e-05 -8.03873e-05 -8.98971e-05 -8.98971e-05 -8.98971e-05 -8.98971e-05 -8.03873e-05 -7.08775e-05 -7.08775e-05 -7.08775e-05 -8.03873e-05 -8.98971e-05 -8.98971e-05 -8.98971e-05 -8.98971e-05 -8.03873e-05
-7.96028e-05 -7.96028e-05 -7.96028e-05 -8.67113e-05 -9.38198e-05 -9.38198e-05 -9.38198e-05 -9.38198e-05 -8.67113e-05 -7.96028e-05 -7.96028e-05 -7.96028e-05 -8.67113e-05 -9.38198e-05 -9.38198e-05 -9.38198e-05 -9.38198e-05 -8.67113e-05
-8.17834e-05 -8.17834e-05 -8.17834e-05 -9.09555e-05 -0.000100128 -0.000100128 -0.000100128 -0.000100128 -9.09555e-05 -8.17834e-05 -8.17834e-05 -8.17834e-05 -9.09555e-05 -0.000100128 -0.000100128 -0.000100128 -0.000100128 -9.09555e-05
-7.76283e-05 -7.76283e-05 -7.76283e-05 -9.14343e-05 -0.00010524 -0.00010524 -0.00010524 -0.00010524 -9.14343e-05 -7.76283e-05 -7.76283e-05 -7.76283e-05 -9.14343e-05 -0.00010524 -0.00010524 -0.00010524 -0.00010524 -9.14343e-05
-7.43898e-05 -7.43898e-05 -7.43898e-05 -9.13842e-05 -0.000108379 -0.000108379 -0.000108379 -0.000108379 -9.13842e-05 -7.43898e-05 -7.43898e-05 -7.43898e-05 -9.13842e-05 -0.000108379 -0.000108379 -0.000108379 -0.000108379 -9.13842e-05
-7.7335e-05 -7.7335e-05 -7.7335e-05 -9.47099e-05 -0.000112085 -0.000112085 -0.000112085 -0.000112085 -9.47099e-05 -7.7335e-05 -7.7335e-05 -7.7335e-05 -9.47099e-05 -0.000112085 -0.000112085 -0.000112085 -0.000112085 -9.47099e-05
-8.23821e-05 -8.23821e-05 -8.23821e-05 -9.90873e-05 -0.000115792 -0.000115792 -0.000115792 -0.000115792 -9.90873e-05 -8.23821e-05 -8.23821e-05 -8.23821e-05 -9.90873e-05 -0.000115792 -0.000115792 -0.000115792 -0.000115792 -9.90873e-05
-8.24472e-05 -8.24472e-05 -8.24472e-05 -9.90981e-05 -0.000115749 -0.000115749 -0.000115749 -0.000115749 -9.90981e-05 -8.24472e-05 -8.24472e-05 -8.24472e-05 -9.90981e-05 -0.000115749 -0.000115749 -0.000115749 -0.000115749 -9.90981e-05
-7.69896e-05 -7.69896e-05 -7.69896e-05 -9.42783e-05 -0.000111567 -0.000111567 -0.000111567 -0.000111567 -9.42783e-05 -7.69896e-05 -7.69896e-05 -7.69896e-05 -9.42783e-05 -0.000111567 -0.000111567 -0.000111567 -0.000111567 -9.42783e-05
-6.95738e-05 -6.95738e-05 -6.95738e-05 -8.81346e-05 -0.000106696 -0.000106696 -0.000106696 -0.000106696 -8.81346e-05 -6.95738e-05 -6.95738e-05 -6.95738e-05 -8.81346e-05 -0.000106696 -0.000106696 -0.000106696 -0.000106696 -8.81346e-05
-6.03391e-05 -6.03391e-05 -6.03391e-05 -8.04914e-05 -0.000100644 -0.000100644 -0.000100644 -0.000100644 -8.04914e-05 -6.03391e-05 -6.03391e-05 -6.03391e-05 -8.04914e-05 -0.000100644 -0.000100644 -0.000100644 -0.000100644 -8.04914e-05
-4.72728e-05 -4.72728e-05 -4.72728e-05 -6.76877e-05 -8.81026e-05 -8.81026e-05 -8.81026e-05 -8.81026e-05 -6.76877e-05 -4.72728e-05 -4.72728e-05 -4.72728e-05 -6.76877e-05 -8.81026e-05 -8.81026e-05 -8.81026e-05 -8.81026e-05 -6.76877e-05
-3.25744e-05 -3.25744e-05 -3.25744e-05 -5.10647e-05 -6.9555e-05 -6.9555e-05 -6.9555e-05 -6.9555e-05 -5.10647e-05 -3.25744e-05 -3.25744e-05 -3.25744e-05 -5.10647e-05 -6.9555e-05 -6.9555e-05 -6.9555e-05 -6.9555e-05 -5.10647e-05
-2.05975e-05 -2.05975e-05 -2.05975e-05 -3.7274e-05 -5.39504e-05 -5.39504e-05 -5.39504e-05 -5.39504e-05 -3.7274e-05 -2.05975e-05 -2.05975e-05 -2.05975e-05 -3.7274e-05 -5.39504e-05 -5.39504e-05 -5.39504e-05 -5.39504e-05 -3.7274e-05
-8.94126e-06 -8.94126e-06 -8.94126e-06 -2.70099e-05 -4.50786e-05 -4.50786e-05 -4.50786e-05 -4.50786e-05 -2.70099e-05 -8.94126e-06 -8.94126e-06 -8.94126e-06 -2.70099e-05 -4.50786e-05 -4.50786e-05 -4.50786e-05 -4.50786e-05 -2.70099e-05
8.4425e-06 8.4425e-06 8.4425e-06 -1.32102e-05 -3.4863e-05 -3.4863e-05 -3.4863e-05 -3.4863e-05 -1.32102e-05 8.4425e-06 8.4425e-06 8.4425e-06 -1.32102e-05 -3.4863e-05 -3.4863e-05 -3.4863e-05 -3.4863e-05 -1.32102e-05
2.80854e-05 2.80854e-05 2.80854e-05 5.71262e-06 -1.66602e-05 -1.66602e-05 -1.66602e-05 -1.66602e-05 5.71262e-06 2.80854e-05 2.80854e-05 2.80854e-05 5.71262e-06 -1.66602e-05 -1.66602e-05 -1.66602e-05 -1.66602e-05 5.71262e-06
4.01287e-05 4.01287e-05 4.01287e-05 2.20998e-05 4.0709e-06 4.0709e-06 4.0709e-06 4.0709e-06 2.20998e-05 4.01287e-05 4.01287e-05 4.01287e-05 2.20998e-05 4.0709e-06 4.0709e-06 4.0709e-06 4.0709e-06 2.20998e-05
4.38476e-05 4.38476e-05 4.38476e-05 3.12224e-05 1.85973e-05 1.85973e-05 1.85973e-05 1.85973e-05 3.12224e-05 4.38476e-05 4.38476e-05 4.38476e-05 3.12224e-05 1.85973e-05 1.85973e-05 1.85973e-05 1.85973e-05 3.12224e-05
4.72438e-05 4.72438e-05 4.72438e-05 3.70044e-05 2.6765e-05 2.6765e-05 2.6765e-05 2.6765e-05 3.70044e-05 4.72438e-05 4.72438e-05 4.72438e-05 3.70044e-05 2.6765e-05 2.6765e-05 2.6765e-05 2.6765e-05 3.70044e-05
5.52957e-05 5.52957e-05 5.52957e-05 4.51999e-05 3.51042e-05 3.51042e-05 3.51042e-05 3.51042e-05 4.51999e-05 5.52957e-05 5.52957e-05 5.52957e-05 4.51999e-05 3.51042e-05 3.51042e-05 3.51042e-05 3.51042e-05 4.51999e-05
6.75735e-05 6.75735e-05 6.75735e-05 5.78648e-05 4.8156e-05 4.8156e-05 4.8156e-05 4.8156e-05 5.78648e-05 6.75735e-05 6.75735e-05 6.75735e-05 5.78648e-05 4.8156e-05 4.8156e-05 4.8156e-05 4.8156e-05 5.78648e-05
8.14098e-05 8.14098e-05 8.14098e-05 7.32686e-05 6.51273e-05 6.51273e-05 6.51273e-05 6.51273e-05 7.32686e-05 8.14098e-05 8.14098e-05 8.14098e-05 7.32686e-05 6.51273e-05 6.51273e-05 6.51273e-05 6.51273e-05 7.32686e-05
9.28176e-05 9.28176e-05 9.28176e-05 8.77851e-05 8.27527e-05 8.27527e-05 8.27527e-05 8.27527e-05 8.77851e-05 9.28176e-05 9.28176e-05 9.28176e-05 8.77851e-05 8.27527e-05 8.27527e-05 8.27527e-05 8.27527e-05 8.77851e-05
9.84762e-05 9.84762e-05 9.84762e-05 9.83173e-05 9.81585e-05 9.81585e-05 9.81585e-05 9.81585e-05 9.83173e-05 9.84762e-05 9.84762e-05 9.84762e-05 9.83173e-05 9.81585e-05 9.81585e-05 9.81585e-05 9.81585e-05 9.83173e-05
9.88757e-05 9.88757e-05 9.88757e-05 0.000104151 0.000109427 0.000109427 0.000109427 0.000109427 0.000104151 9.88757e-05 9.88757e-05 9.88757e-05 0.000104151 0.000109427 0.000109427 0.000109427 0.000109427 0.000104151
9.92654e-05 9.92654e-05 9.92654e-05 0.000108098 0.00011693 0.00011693 0.00011693 0.00011693 0.000108098 9.92654e-05 9.92654e-05 9.92654e-05 0.000108098 0.00011693 0.00011693 0.00011693 0.00011693 0.000108098
0.000104637 0.000104637 0.000104637 0.000114218 0.000123798 0.000123798 0.000123798 0.000123798 0.000114218 0.000104637 0.000104637 0.000104637 0.000114218 0.000123798 0.000123798 0.000123798 0.000123798 0.000114218
0.000112032 0.000112032 0.000112032 0.000122057 0.000132081 0.000132081 0.000132081 0.000132081 0.000122057 0.000112032 0.000112032 0.000112032 0.000122057 0.000132081 0.000132081 0.000132081 0.000132081 0.000122057
0.00011333 0.00011333 0.00011333 0.000126514 0.000139698 0.000139698 0.000139698 0.000139698 0.000126514 0.00011333 0.00011333 0.00011333 0.000126514 0.000139698 0.000139698 0.000139698 0.000139698 0.000126514
0.000105071 0.000105071 0.000105071 0.000123726 0.00014238 0.00014238 0.00014238 0.00014238 0.000123726 0.000105071 0.000105071 0.000105071 0.000123726 0.00014238 0.00014238 0.00014238 0.00014238 0.000123726
9.05019e-05 9.05019e-05 9.05019e-05 0.000114333 0.000138164 0.000138164 0.000138164 0.000138164 0.000114333 9.05019e-05 9.05019e-05 9.05019e-05 0.000114333 0.000138164 0.000138164 0.000138164 0.000138164 0.000114333
7.65906e-05 7.65906e-05 7.65906e-05 0.000103818 0.000131046 0.000131046 0.000131046 0.000131046 0.000103818 7.65906e-05 7.65906e-05 7.65906e-05 0.000103818 0.000131046 0.000131046 0.000131046 0.000131046 0.000103818
7.02609e-05 7.02609e-05 7.02609e-05 9.92787e-05 0.000128297 0.000128297 0.000128297 0.000128297 9.92787e-05 7.02609e-05 7.02609e-05 7.02609e-05 9.92787e-05 0.000128297 0.000128297 0.000128297 0.000128297 9.92787e-05
7.14708e-05 7.14708e-05 7.14708e-05 0.000101472 0.000131474 0.000131474 0.000131474 0.000131474 0.000101472 7.14708e-05 7.14708e-05 7.14708e-05 0.000101472 0.000131474 0.000131474 0.000131474 0.000131474 0.000101472
7.19901e-05 7.19901e-05 7.19901e-05 0.00010271 0.00013343 0.00013343 0.00013343 0.00013343 0.00010271 7.19901e-05 7.19901e-05 7.19901e-05 0.00010271 0.00013343 0.00013343 0.00013343 0.00013343 0.00010271
6.45626e-05 6.45626e-05 6.45626e-05 9.59814e-05 0.0001274 0.0001274 0.0001274 0.0001274 9.59814e-05 6.45626e-05 6.45626e-05 6.45626e-05 9.59814e-05 0.0001274 0.0001274 0.0001274 0.0001274 9.59814e-05
4.92665e-05 4.92665e-05 4.92665e-05 8.22726e-05 0.000115279 0.000115279 0.000115279 0.000115279 8.22726e-05 4.92665e-05 4.92665e-05 4.92665e-05 8.22726e-05 0.000115279 0.000115279 0.000115279 0.000115279 8.22726e-05
3.14468e-05 3.14468e-05 3.14468e-05 6.75323e-05 0.000103618 0.000103618 0.000103618 0.000103618 6.75323e-05 3.14468e-05 3.14468e-05 3.14468e-05 6.75323e-05 0.000103618 0.000103618 0.000103618 0.000103618 6.75323e-05
1.74642e-05 1.74642e-05 1.74642e-05 5.60327e-05 9.46011e-05 9.46011e-05 9.46011e-05 9.46011e-05 5.60327e-05 1.74642e-05 1.74642e-05 1.74642e-05 5.60327e-05 9.46011e-05 9.46011e-05 9.46011e-05 9.46011e-05 5.60327e-05
9.92926e-06 9.92926e-06 9.92926e-06 4.72145e-05 8.44997e-05 8.44997e-05 8.44997e-05 8.44997e-05 4.72145e-05 9.92926e-06 9.92926e-06 9.92926e-06 4.72145e-05 8.44997e-05 8.44997e-05 8.44997e-05 8.44997e-05 4.72145e-05
5.56411e-06 5.56411e-06 5.56411e-06 3.77365e-05 6.9909e-05 6.9909e-05 6.9909e-05 6.9909e-05 3.77365e-05 5.56411e-06 5.56411e-06 5.56411e-06 3.77365e-05 6.9909e-05 6.9909e-05 6.9909e-05 6.9909e-05 3.77365e-05
-1.52674e-06 -1.52674e-06 -1.52674e-06 2.51008e-05 5.17283e-05 5.17283e-05 5.17283e-05 5.17283e-05 2.51008e-05 -1.52674e-06 -1.52674e-06 -1.52674e-06 2.51008e-05 5.17283e-05 5.17283e-05 5.17283e-05 5.17283e-05 2.51008e-05
-1.44865e-05 -1.44865e-05 -1.44865e-05 9.42702e-06 3.33405e-05 3.33405e-05 3.33405e-05 3.33405e-05 9.42702e-06 -1.44865e-05 -1.44865e-05 -1.44865e-05 9.42702e-06 3.33405e-05 3.33405e-05 3.33405e-05 3.33405e-05 9.42702e-06
-3.01068e-05 -3.01068e-05 -3.01068e-05 -5.89106e-06 1.83246e-05 1.83246e-05 1.83246e-05 1.83246e-05 -5.89106e-06 -3.01068e-05 -3.01068e-05 -3.01068e-05 -5.89106e-06 1.83246e-05 1.83246e-05 1.83246e-05 1.83246e-05 -5.89106e-06
-4.1654e-05 -4.1654e-05 -4.1654e-05 -1.63394e-05 8.97533e-06 8.97533e-06 8.97533e-06 8.97533e-06 -1.63394e-05 -4.1654e-05 -4.1654e-05 -4.1654e-05 -1.63394e-05 8.97533e-06 8.97533e-06 8.97533e-06 8.97533e-06 -1.63394e-05
-4.55275e-05 -4.55275e-05 -4.55275e-05 -2.08209e-05 3.88559e-06 3.88559e-06 3.88559e-06 3.88559e-06 -2.08209e-05 -4.55275e-05 -4.55275e-05 -4.55275e-05 -2.08209e-05 3.88559e-06 3.88559e-06 3.88559e-06 3.88559e-06 -2.08209e-05
-4.25851e-05 -4.25851e-05 -4.25851e-05 -2.26351e-05 -2.68517e-06 -2.68517e-06 -2.68517e-06 -2.68517e-06 -2.26351e-05 -4.25851e-05 -4.25851e-05 -4.25851e-05 -2.26351e-05 -2.68517e-06 -2.68517e-06 -2.68517e-06 -2.68517e-06 -2.26351e-05
-3.64362e-05 -3.64362e-05 -3.64362e-05 -2.63269e-05 -1.62176e-05 -1.62176e-05 -1.62176e-05 -1.62176e-05 -2.63269e-05 -3.64362e-05 -3.64362e-05 -3.64362e-05 -2.63269e-05 -1.62176e-05 -1.62176e-05 -1.62176e-05 -1.62176e-05 -2.63269e-05
-3.40263e-05 -3.40263e-05 -3.40263e-05 -3.4955e-05 -3.58837e-05 -3.58837e-05 -3.58837e-05 -3.58837e-05 -3.4955e-05 -3.40263e-05 -3.40263e-05 -3.40263e-05 -3.4955e-05 -3.58837e-05 -3.58837e-05 -3.58837e-05 -3.58837e-05 -3.4955e-05
-4.12273e-05 -4.12273e-05 -4.12273e-05 -4.78467e-05 -5.44662e-05 -5.44662e-05 -5.44662e-05 -5.44662e-05 -4.78467e-05 -4.12273e-05 -4.12273e-05 -4.12273e-05 -4.78467e-05 -5.44662e-05 -5.44662e-05 -5.44662e-05 -5.44662e-05 -4.78467e-05
-5.42855e-05 -5.42855e-05 -5.42855e-05 -5.96834e-05 -6.50813e-05 -6.50813e-05 -6.50813e-05 -6.50813e-05 -5.96834e-05 -5.42855e-05 -5.42855e-05 -5.42855e-05 -5.96834e-05 -6.50813e-05 -6.50813e-05 -6.50813e-05 -6.50813e-05 -5.96834e-05
-6.29559e-05 -6.29559e-05 -6.29559e-05 -6.60017e-05 -6.90476e-05 -6.90476e-05 -6.90476e-05 -6.90476e-05 -6.60017e-05 -6.29559e-05 -6.29559e-05 -6.29559e-05 -6.60017e-05 -6.90476e-05 -6.90476e-05 -6.90476e-05 -6.90476e-05 -6.60017e-05
-6.32913e-05 -6.32913e-05 -6.32913e-05 -6.97586e-05 -7.62259e-05 -7.62259e-05 -7.62259e-05 -7.62259e-05 -6.97586e-05 -6.32913e-05 -6.32913e-05 -6.32913e-05 -6.97586e-05 -7.62259e-05 -7.62259e-05 -7.62259e-05 -7.62259e-05 -6.97586e-05
-6.06729e-05 -6.06729e-05 -6.06729e-05 -7.71735e-05 -9.36742e-05 -9.36742e-05 -9.36742e-05 -9.36742e-05 -7.71735e-05 -6.06729e-05 -6.06729e-05 -6.06729e-05 -7.71735e-05 -9.36742e-05 -9.36742e-05 -9.36742e-05 -9.36742e-05 -7.71735e-05
-6.00422e-05 -6.00422e-05 -6.00422e-05 -8.75828e-05 -0.000115123 -0.000115123 -0.000115123 -0.000115123 -8.75828e-05 -6.00422e-05 -6.00422e-05 -6.00422e-05 -8.75828e-05 -0.000115123 -0.000115123 -0.000115123 -0.000115123 -8.75828e-05
-6.00442e-05 -6.00442e-05 -6.00442e-05 -9.37862e-05 -0.000127528 -0.000127528 -0.000127528 -0.000127528 -9.37862e-05 -6.00442e-05 -6.00442e-05 -6.00442e-05 -9.37862e-05 -0.000127528 -0.000127528 -0.000127528 -0.000127528 -9.37862e-05
-5.94146e-05 -5.94146e-05 -5.94146e-05 -9.32516e-05 -0.000127089 -0.000127089 -0.000127089 -0.000127089 -9.32516e-05 -5.94146e-05 -5.94146e-05 -5.94146e-05 -9.32516e-05 -0.000127089 -0.000127089 -0.000127089 -0.000127089 -9.32516e-05
-6.04351e-05 -6.04351e-05 -6.04351e-05 -9.13961e-05 -0.000122357 -0.000122357 -0.000122357 -0.000122357 -9.13961e-05 -6.04351e-05 -6.04351e-05 -6.04351e-05 -9.13961e-05 -0.000122357 -0.000122357 -0.000122357 -0.000122357 -9.13961e-05
-6.17051e-05 -6.17051e-05 -6.17051e-05 -9.18353e-05 -0.000121966 -0.000121966 -0.000121966 -0.000121966 -9.18353e-05 -6.17051e-05 -6.17051e-05 -6.17051e-05 -9.18353e-05 -0.000121966 -0.000121966 -0.000121966 -0.000121966 -9.18353e-05
-5.71412e-05 -5.71412e-05 -5.71412e-05 -9.15855e-05 -0.00012603 -0.00012603 -0.00012603 -0.00012603 -9.15855e-05 -5.71412e-05 -5.71412e-05 -5.71412e-05 -9.15855e-05 -0.00012603 -0.00012603 -0.00012603 -0.00012603 -9.15855e-05
-4.62469e-05 -4.62469e-05 -4.62469e-05 -8.86198e-05 -0.000130993 -0.000130993 -0.000130993 -0.000130993 -8.86198e-05 -4.62469e-05 -4.62469e-05 -4.62469e-05 -8.86198e-05 -0.000130993 -0.000130993 -0.000130993 -0.000130993 -8.86198e-05
-3.7655e-05 -3.7655e-05 -3.7655e-05 -8.65172e-05 -0.000135379 -0.000135379 -0.000135379 -0.000135379 -8.65172e-05 -3.7655e-05 -3.7655e-05 -3.7655e-05 -8.65172e-05 -0.000135379 -0.000135379 -0.000135379 -0.000135379 -8.65172e-05
-3.8837e-05 -3.8837e-05 -3.8837e-05 -8.78889e-05 -0.000136941 -0.000136941 -0.000136941 -0.000136941 -8.78889e-05 -3.8837e-05 -3.8837e-05 -3.8837e-05 -8.78889e-05 -0.000136941 -0.000136941 -0.000136941 -0.000136941 -8.78889e-05
-4.659e-05 -4.659e-05 -4.659e-05 -8.92332e-05 -0.000131876 -0.000131876 -0.000131876 -0.000131876 -8.92332e-05 -4.659e-05 -4.659e-05 -4.659e-05 -8.92332e-05 -0.000131876 -0.000131876 -0.000131876 -0.000131876 -8.92332e-05
-5.03945e-05 -5.03945e-05 -5.03945e-05 -8.58269e-05 -0.000121259 -0.000121259 -0.000121259 -0.000121259 -8.58269e-05 -5.03945e-05 -5.03945e-05 -5.03945e-05 -8.58269e-05 -0.000121259 -0.000121259 -0.000121259 -0.000121259 -8.58269e-05
-4.40378e-05 -4.40378e-05 -4.40378e-05 -7.78749e-05 -0.000111712 -0.000111712 -0.000111712 -0.000111712 -7.78749e-05 -4.40378e-05 -4.40378e-05 -4.40378e-05 -7.78749e-05 -0.000111712 -0.000111712 -0.000111712 -0.000111712 -7.78749e-05
-3.14546e-05 -3.14546e-05 -3.14546e-05 -6.89271e-05 -0.0001064 -0.0001064 -0.0001064 -0.0001064 -6.89271e-05 -3.14546e-05 -3.14546e-05 -3.14546e-05 -6.89271e-05 -0.0001064 -0.0001064 -0.0001064 -0.0001064 -6.89271e-05
-1.97851e-05 -1.97851e-05 -1.97851e-05 -5.9936e-05 -0.000100087 -0.000100087 -0.000100087 -0.000100087 -5.9936e-05 -1.97851e-05 -1.97851e-05 -1.97851e-05 -5.9936e-05 -0.000100087 -0.000100087 -0.000100087 -0.000100087 -5.9936e-05
-1.22628e-05 -1.22628e-05 -1.22628e-05 -4.97561e-05 -8.72494e-05 -8.72494e-05 -8.72494e-05 -8.72494e-05 -4.97561e-05 -1.22628e-05 -1.22628e-05 -1.22628e-05 -4.97561e-05 -8.72494e-05 -8.72494e-05 -8.72494e-05 -8.72494e-05 -4.97561e-05
-9.77833e-06 -9.77833e-06 -9.77833e-06 -4.04032e-05 -7.10281e-05 -7.10281e-05 -7.10281e-05 -7.10281e-05 -4.04032e-05 -9.77833e-06 -9.77833e-06 -9.77833e-06 -4.04032e-05 -7.10281e-05 -7.10281e-05 -7.10281e-05 -7.10281e-05 -4.04032e-05
-1.05044e-05 -1.05044e-05 -1.05044e-05 -3.39028e-05 -5.73012e-05 -5.73012e-05 -5.73012e-05 -5.73012e-05 -3.39028e-05 -1.05044e-05 -1.05044e-05 -1.05044e-05 -3.39028e-05 -5.73012e-05 -5.73012e-05 -5.73012e-05 -5.73012e-05 -3.39028e-05
-7.54681e-06 -7.54681e-06 -7.54681e-06 -2.59904e-05 -4.4434e-05 -4.4434e-05 -4.4434e-05 -4.4434e-05 -2.59904e-05 -7.54681e-06 -7.54681e-06 -7.54681e-06 -2.59904e-05 -4.4434e-05 -4.4434e-05 -4.4434e-05 -4.4434e-05 -2.59904e-05
4.26883e-06 4.26883e-06 4.26883e-06 -1.16968e-05 -2.76624e-05 -2.76624e-05 -2.76624e-05 -2.76624e-05 -1.16968e-05 4.26883e-06 4.26883e-06 4.26883e-06 -1.16968e-05 -2.76624e-05 -2.76624e-05 -2.76624e-05 -2.76624e-05 -1.16968e-05
1.91104e-05 1.91104e-05 1.91104e-05 4.84089e-06 -9.42862e-06 -9.42862e-06 -9.42862e-06 -9.42862e-06 4.84089e-06 1.91104e-05 1.91104e-05 1.91104e-05 4.84089e-06 -9.42862e-06 -9.42862e-06 -9.42862e-06 -9.42862e-06 4.84089e-06
2.52409e-05 2.52409e-05 2.52409e-05 1.46951e-05 4.14929e-06 4.14929e-06 4.14929e-06 4.14929e-06 1.46951e-05 2.52409e-05 2.52409e-05 2.52409e-05 1.46951e-05 4.14929e-06 4.14929e-06 4.14929e-06 4.14929e-06 1.46951e-05
2.08579e-05 2.08579e-05 2.08579e-05 1.76108e-05 1.43638e-05 1.43638e-05 1.43638e-05 1.43638e-05 1.76108e-05 2.08579e-05 2.08579e-05 2.08579e-05 1.76108e-05 1.43638e-05 1.43638e-05 1.43638e-05 1.43638e-05 1.76108e-05
1.70847e-05 1.70847e-05 1.70847e-05 2.27056e-05 2.83265e-05 2.83265e-05 2.83265e-05 2.83265e-05 2.27056e-05 1.70847e-05 1.70847e-05 1.70847e-05 2.27056e-05 2.83265e-05 2.83265e-05 2.83265e-05 2.83265e-05 2.27056e-05
2.22682e-05 2.22682e-05 2.22682e-05 3.47342e-05 4.72001e-05 4.72001e-05 4.72001e-05 4.72001e-05 3.47342e-05 2.22682e-05 2.22682e-05 2.22682e-05 3.47342e-05 4.72001e-05 4.72001e-05 4.72001e-05 4.72001e-05 3.47342e-05
3.22712e-05 3.22712e-05 3.22712e-05 4.85989e-05 6.49266e-05 6.49266e-05 6.49266e-05 6.49266e-05 4.85989e-05 3.22712e-05 3.22712e-05 3.22712e-05 4.85989e-05 6.49266e-05 6.49266e-05 6.49266e-05 6.49266e-05 4.85989e-05
4.02808e-05 4.02808e-05 4.02808e-05 5.97354e-05 7.919e-05 7.919e-05 7.919e-05 7.919e-05 5.97354e-05 4.02808e-05 4.02808e-05 4.02808e-05 5.97354e-05 7.919e-05 7.919e-05 7.919e-05 7.919e-05 5.97354e-05
4.51377e-05 4.51377e-05 4.51377e-05 6.91674e-05 9.3197e-05 9.3197e-05 9.3197e-05 9.3197e-05 6.91674e-05 4.51377e-05 4.51377e-05 4.51377e-05 6.91674e-05 9.3197e-05 9.3197e-05 9.3197e-05 9.3197e-05 6.91674e-05
4.61708e-05 4.61708e-05 4.61708e-05 7.5786e-05 0.000105401 0.000105401 0.000105401 0.000105401 7.5786e-05 4.61708e-05 4.61708e-05 4.61708e-05 7.5786e-05 0.000105401 0.000105401 0.000105401 0.000105401 7.5786e-05
4.09245e-05 4.09245e-05 4.09245e-05 7.49178e-05 0.000108911 0.000108911 0.000108911 0.000108911 7.49178e-05 4.09245e-05 4.09245e-05 4.09245e-05 7.49178e-05 0.000108911 0.000108911 0.000108911 0.000108911 7.49178e-05
3.05468e-05 3.05468e-05 3.05468e-05 6.69682e-05 0.00010339 0.00010339 0.00010339 0.00010339 6.69682e-05 3.05468e-05 3.05468e-05 3.05468e-05 6.69682e-05 0.00010339 0.00010339 0.00010339 0.00010339 6.69682e-05
2.09107e-05 2.09107e-05 2.09107e-05 5.9853e-05 9.87952e-05 9.87952e-05 9.87952e-05 9.87952e-05 5.9853e-05 2.09107e-05 2.09107e-05 2.09107e-05 5.9853e-05 9.87952e-05 9.87952e-05 9.87952e-05 9.87952e-05 5.9853e-05
1.63519e-05 1.63519e-05 1.63519e-05 5.97561e-05 0.00010316 0.00010316 0.00010316 0.00010316 5.97561e-05 1.63519e-05 1.63519e-05 1.63519e-05 5.97561e-05 0.00010316 0.00010316 0.00010316 0.00010316 5.97561e-05
1.36439e-05 1.36439e-05 1.36439e-05 6.23568e-05 0.00011107 0.00011107 0.00011107 0.00011107 6.23568e-05 1.36439e-05 1.36439e-05 1.36439e-05 6.23568e-05 0.00011107 0.00011107 0.00011107 0.00011107 6.23568e-05
5.62341e-06 5.62341e-06 5.62341e-06 5.78186e-05 0.000110014 0.000110014 0.000110014 0.000110014 5.78186e-05 5.62341e-06 5.62341e-06 5.62341e-06 5.78186e-05 0.000110014 0.000110014 0.000110014 0.000110014 5.78186e-05
-8.34074e-06 -8.34074e-06 -8.34074e-06 4.42162e-05 9.67732e-05 9.67732e-05 9.67732e-05 9.67732e-05 4.42162e-05 -8.34074e-06 -8.34074e-06 -8.34074e-06 4.42162e-05 9.67732e-05 9.67732e-05 9.67732e-05 9.67732e-05 4.42162e-05
-1.98847e-05 -1.98847e-05 -1.98847e-05 3.07141e-05 8.13128e-05 8.13128e-05 8.13128e-05 8.13128e-05 3.07141e-05 -1.98847e-05 -1.98847e-05 -1.98847e-05 3.07141e-05 8.13128e-05 8.13128e-05 8.13128e-05 8.13128e-05 3.07141e-05
-2.18589e-05 -2.18589e-05 -2.18589e-05 2.58332e-05 7.35253e-05 7.35253e-05 7.35253e-05 7.35253e-05 2.58332e-05 -2.18589e-05 -2.18589e-05 -2.18589e-05 2.58332e-05 7.35253e-05 7.35253e-05 7.35253e-05 7.35253e-05 2.58332e-05
-1.74056e-05 -1.74056e-05 -1.74056e-05 2.75593e-05 7.25241e-05 7.25241e-05 7.25241e-05 7.25241e-05 2.75593e-05 -1.74056e-05 -1.74056e-05 -1.74056e-05 2.75593e-05 7.25241e-05 7.25241e-05 7.25241e-05 7.25241e-05 2.75593e-05
-1.6401e-05 -1.6401e-05 -1.6401e-05 2.73546e-05 7.11102e-05 7.11102e-05 7.11102e-05 7.11102e-05 2.73546e-05 -1.6401e-05 -1.6401e-05 -1.6401e-05 2.73546e-05 7.11102e-05 7.11102e-05 7.11102e-05 7.11102e-05 2.73546e-05
-2.47083e-05 -2.47083e-05 -2.47083e-05 1.96133e-05 6.39349e-05 6.39349e-05 6.39349e-05 6.39349e-05 1.96133e-05 -2.47083e-05 -2.47083e-05 -2.47083e-05 1.96133e-05 6.39349e-05 6.39349e-05 6.39349e-05 6.39349e-05 1.96133e-05
-3.88359e-05 -3.88359e-05 -3.88359e-05 4.92985e-06 4.86956e-05 4.86956e-05 4.86956e-05 4.86956e-05 4.92985e-06 -3.88359e-05 -3.88359e-05 -3.88359e-05 4.92985e-06 4.86956e-05 4.86956e-05 4.86956e-05 4.86956e-05 4.92985e-06
-5.09765e-05 -5.09765e-05 -5.09765e-05 -1.25025e-05 2.59716e-05 2.59716e-05 2.59716e-05 2.59716e-05 -1.25025e-05 -5.09765e-05 -5.09765e-05 -5.09765e-05 -1.25025e-05 2.59716e-05 2.59716e-05 2.59716e-05 2.59716e-05 -1.25025e-05
-5.51482e-05 -5.51482e-05 -5.51482e-05 -2.62266e-05 2.69495e-06 2.69495e-06 2.69495e-06 2.69495e-06 -2.62266e-05 -5.51482e-05 -5.51482e-05 -5.51482e-05 -2.62266e-05 2.69495e-06 2.69495e-06 2.69495e-06 2.69495e-06 -2.62266e-05
-4.8903e-05 -4.8903e-05 -4.8903e-05 -2.9407e-05 -9.91102e-06 -9.91102e-06 -9.91102e-06 -9.91102e-06 -2.9407e-05 -4.8903e-05 -4.8903e-05 -4.8903e-05 -2.9407e-05 -9.91102e-06 -9.91102e-06 -9.91102e-06 -9.91102e-06 -2.9407e-05
-3.70334e-05 -3.70334e-05 -3.70334e-05 -2.33341e-05 -9.6348e-06 -9.6348e-06 -9.6348e-06 -9.6348e-06 -2.33341e-05 -3.70334e-05 -3.70334e-05 -3.70334e-05 -2.33341e-05 -9.6348e-06 -9.6348e-06 -9.6348e-06 -9.6348e-06 -2.33341e-05
-3.13361e-05 -3.13361e-05 -3.13361e-05 -2.04591e-05 -9.58222e-06 -9.58222e-06 -9.58222e-06 -9.58222e-06 -2.04591e-05 -3.13361e-05 -3.13361e-05 -3.13361e-05 -2.04591e-05 -9.58222e-06 -9.58222e-06 -9.58222e-06 -9.58222e-06 -2.04591e-05
-3.70668e-05 -3.70668e-05 -3.70668e-05 -2.94368e-05 -2.18069e-05 -2.18069e-05 -2.18069e-05 -2.18069e-05 -2.94368e-05 -3.70668e-05 -3.70668e-05 -3.70668e-05 -2.94368e-05 -2.18069e-05 -2.18069e-05 -2.18069e-05 -2.18069e-05 -2.94368e-05
-4.27208e-05 -4.27208e-05 -4.27208e-05 -4.15242e-05 -4.03276e-05 -4.03276e-05 -4.03276e-05 -4.03276e-05 -4.15242e-05 -4.27208e-05 -4.27208e-05 -4.27208e-05 -4.15242e-05 -4.03276e-05 -4.03276e-05 -4.03276e-05 -4.03276e-05 -4.15242e-05
-3.34302e-05 -3.34302e-05 -3.34302e-05 -4.22456e-05 -5.1061e-05 -5.1061e-05 -5.1061e-05 -5.1061e-05 -4.22456e-05 -3.34302e-05 -3.34302e-05 -3.34302e-05 -4.22456e-05 -5.1061e-05 -5.1061e-05 -5.1061e-05 -5.1061e-05 -4.22456e-05
-1.19642e-05 -1.19642e-05 -1.19642e-05 -3.21383e-05 -5.23124e-05 -5.23124e-05 -5.23124e-05 -5.23124e-05 -3.21383e-05 -1.19642e-05 -1.19642e-05 -1.19642e-05 -3.21383e-05 -5.23124e-05 -5.23124e-05 -5.23124e-05 -5.23124e-05 -3.21383e-05
5.09926e-06 5.09926e-06 5.09926e-06 -2.41729e-05 -5.34451e-05 -5.34451e-05 -5.34451e-05 -5.34451e-05 -2.41729e-05 5.09926e-06 5.09926e-06 5.09926e-06 -2.41729e-05 -5.34451e-05 -5.34451e-05 -5.34451e-05 -5.34451e-05 -2.41729e-05
9.89751e-06 9.89751e-06 9.89751e-06 -2.4196e-05 -5.82895e-05 -5.82895e-05 -5.82895e-05 -5.82895e-05 -2.4196e-05 9.89751e-06 9.89751e-06 9.89751e-06 -2.4196e-05 -5.82895e-05 -5.82895e-05 -5.82895e-05 -5.82895e-05 -2.4196e-05
8.75965e-06 8.75965e-06 8.75965e-06 -2.7174e-05 -6.31077e-05 -6.31077e-05 -6.31077e-05 -6.31077e-05 -2.7174e-05 8.75965e-06 8.75965e-06 8.75965e-06 -2.7174e-05 -6.31077e-05 -6.31077e-05 -6.31077e-05 -6.31077e-05 -2.7174e-05
7.40454e-06 7.40454e-06 7.40454e-06 -3.05676e-05 -6.85396e-05 -6.85396e-05 -6.85396e-05 -6.85396e-05 -3.05676e-05 7.40454e-06 7.40454e-06 7.40454e-06 -3.05676e-05 -6.85396e-05 -6.85396e-05 -6.85396e-05 -6.85396e-05 -3.05676e-05
7.80741e-06 7.80741e-06 7.80741e-06 -3.5103e-05 -7.80134e-05 -7.80134e-05 -7.80134e-05 -7.80134e-05 -3.5103e-05 7.80741e-06 7.80741e-06 7.80741e-06 -3.5103e-05 -7.80134e-05 -7.80134e-05 -7.80134e-05 -7.80134e-05 -3.5103e-05
1.76528e-05 1.76528e-05 1.76528e-05 -3.35843e-05 -8.48214e-05 -8.48214e-05 -8.48214e-05 -8.48214e-05 -3.35843e-05 1.76528e-05 1.76528e-05 1.76528e-05 -3.35843e-05 -8.48214e-05 -8.48214e-05 -8.48214e-05 -8.48214e-05 -3.35843e-05
4.12175e-05 4.12175e-05 4.12175e-05 -1.86314e-05 -7.84803e-05 -7.84803e-05 -7.84803e-05 -7.84803e-05 -1.86314e-05 4.12175e-05 4.12175e-05 4.12175e-05 -1.86314e-05 -7.84803e-05 -7.84803e-05 -7.84803e-05 -7.84803e-05 -1.86314e-05
6.3998e-05 6.3998e-05 6.3998e-05 3.00383e-07 -6.33973e-05 -6.33973e-05 -6.33973e-05 -6.33973e-05 3.00383e-07 6.3998e-05 6.3998e-05 6.3998e-05 3.00383e-07 -6.33973e-05 -6.33973e-05 -6.33973e-05 -6.33973e-05 3.00383e-07
6.84274e-05 6.84274e-05 6.84274e-05 7.31555e-06 -5.37963e-05 -5.37963e-05 -5.37963e-05 -5.37963e-05 7.31555e-06 6.84274e-05 6.84274e-05 6.84274e-05 7.31555e-06 -5.37963e-05 -5.37963e-05 -5.37963e-05 -5.37963e-05 7.31555e-06
5.99334e-05 5.99334e-05 5.99334e-05 4.04018e-06 -5.1853e-05 -5.1853e-05 -5.1853e-05 -5.1853e-05 4.04018e-06 5.99334e-05 5.99334e-05 5.99334e-05 4.04018e-06 -5.1853e-05 -5.1853e-05 -5.1853e-05 -5.1853e-05 4.04018e-06
5.88327e-05 5.88327e-05 5.88327e-05 5.96476e-06 -4.69032e-05 -4.69032e-05 -4.69032e-05 -4.69032e-05 5.96476e-06 5.88327e-05 5.88327e-05 5.88327e-05 5.96476e-06 -4.69032e-05 -4.69032e-05 -4.69032e-05 -4.69032e-05 5.96476e-06
7.24195e-05 7.24195e-05 7.24195e-05 1.87031e-05 -3.50134e-05 -3.50134e-05 -3.50134e-05 -3.50134e-05 1.87031e-05 7.24195e-05 7.24195e-05 7.24195e-05 1.87031e-05 -3.50134e-05 -3.50134e-05 -3.50134e-05 -3.50134e-05 1.87031e-05
8.95313e-05 8.95313e-05 8.95313e-05 3.23654e-05 -2.48005e-05 -2.48005e-05 -2.48005e-05 -2.48005e-05 3.23654e-05 8.95313e-05 8.95313e-05 8.95313e-05 3.23654e-05 -2.48005e-05 -2.48005e-05 -2.48005e-05 -2.48005e-05 3.23654e-05
9.62783e-05 9.62783e-05 9.62783e-05 3.68563e-05 -2.25657e-05 -2.25657e-05 -2.25657e-05 -2.25657e-05 3.68563e-05 9.62783e-05 9.62783e-05 9.62783e-05 3.68563e-05 -2.25657e-05 -2.25657e-05 -2.25657e-05 -2.25657e-05 3.68563e-05
8.64628e-05 8.64628e-05 8.64628e-05 3.15265e-05 -2.34098e-05 -2.34098e-05 -2.34098e-05 -2.34098e-05 3.15265e-05 8.64628e-05 8.64628e-05 8.64628e-05 3.15265e-05 -2.34098e-05 -2.34098e-05 -2.34098e-05 -2.34098e-05 3.15265e-05
6.40389e-05 6.40389e-05 6.40389e-05 2.22899e-05 -1.94592e-05 -1.94592e-05 -1.94592e-05 -1.94592e-05 2.22899e-05 6.40389e-05 6.40389e-05 6.40389e-05 2.22899e-05 -1.94592e-05 -1.94592e-05 -1.94592e-05 -1.94592e-05 2.22899e-05
4.39377e-05 4.39377e-05 4.39377e-05 1.77088e-05 -8.52004e-06 -8.52004e-06 -8.52004e-06 -8.52004e-06 1.77088e-05 4.39377e-05 4.39377e-05 4.39377e-05 1.77088e-05 -8.52004e-06 -8.52004e-06 -8.52004e-06 -8.52004e-06 1.77088e-05
4.26803e-05 4.26803e-05 4.26803e-05 2.48655e-05 7.05072e-06 7.05072e-06 7.05072e-06 7.05072e-06 2.48655e-05 4.26803e-05 4.26803e-05 4.26803e-05 2.48655e-05 7.05072e-06 7.05072e-06 7.05072e-06 7.05072e-06 2.48655e-05
6.02274e-05 6.02274e-05 6.02274e-05 4.19537e-05 2.36799e-05 2.36799e-05 2.36799e-05 2.36799e-05 4.19537e-05 6.02274e-05 6.02274e-05 6.02274e-05 4.19537e-05 2.36799e-05 2.36799e-05 2.36799e-05 2.36799e-05 4.19537e-05
7.74475e-05 7.74475e-05 7.74475e-05 5.74202e-05 3.73928e-05 3.73928e-05 3.73928e-05 3.73928e-05 5.74202e-05 7.74475e-05 7.74475e-05 7.74475e-05 5.74202e-05 3.73928e-05 3.73928e-05 3.73928e-05 3.73928e-05 5.74202e-05
7.65286e-05 7.65286e-05 7.65286e-05 6.14631e-05 4.63976e-05 4.63976e-05 4.63976e-05 4.63976e-05 6.14631e-05 7.65286e-05 7.65286e-05 7.65286e-05 6.14631e-05 4.63976e-05 4.63976e-05 4.63976e-05 4.63976e-05 6.14631e-05
5.80454e-05 5.80454e-05 5.80454e-05 5.60181e-05 5.39909e-05 5.39909e-05 5.39909e-05 5.39909e-05 5.60181e-05 5.80454e-05 5.80454e-05 5.80454e-05 5.60181e-05 5.39909e-05 5.39909e-05 5.39909e-05 5.39909e-05 5.60181e-05
3.68909e-05 3.68909e-05 3.68909e-05 5.11023e-05 6.53138e-05 6.53138e-05 6.53138e-05 6.53138e-05 5.11023e-05 3.68909e-05 3.68909e-05 3.68909e-05 5.11023e-05 6.53138e-05 6.53138e-05 6.53138e-05 6.53138e-05 5.11023e-05
2.80393e-05 2.80393e-05 2.80393e-05 5.46254e-05 8.12114e-05 8.12114e-05 8.12114e-05 8.12114e-05 5.46254e-05 2.80393e-05 2.80393e-05 2.80393e-05 5.46254e-05 8.12114e-05 8.12114e-05 8.12114e-05 8.12114e-05 5.46254e-05
3.50622e-05 3.50622e-05 3.50622e-05 6.58238e-05 9.65853e-05 9.65853e-05 9.65853e-05 9.65853e-05 6.58238e-05 3.50622e-05 3.50622e-05 3.50622e-05 6.58238e-05 9.65853e-05 9.65853e-05 9.65853e-05 9.65853e-05 6.58238e-05
4.55825e-05 4.55825e-05 4.55825e-05 7.4766e-05 0.000103949 0.000103949 0.000103949 0.000103949 7.4766e-05 4.55825e-05 4.55825e-05 4.55825e-05 7.4766e-05 0.000103949 0.000103949 0.000103949 0.000103949 7.4766e-05
4.201e-05 4.201e-05 4.201e-05 7.18769e-05 0.000101744 0.000101744 0.000101744 0.000101744 7.18769e-05 4.201e-05 4.201e-05 4.201e-05 7.18769e-05 0.000101744 0.000101744 0.000101744 0.000101744 7.18769e-05
2.21847e-05 2.21847e-05 2.21847e-05 6.0834e-05 9.94833e-05 9.94833e-05 9.94833e-05 9.94833e-05 6.0834e-05 2.21847e-05 2.21847e-05 2.21847e-05 6.0834e-05 9.94833e-05 9.94833e-05 9.94833e-05 9.94833e-05 6.0834e-05
1.93577e-06 1.93577e-06 1.93577e-06 5.48283e-05 0.000107721 0.000107721 0.000107721 0.000107721 5.48283e-05 1.93577e-06 1.93577e-06 1.93577e-06 5.48283e-05 0.000107721 0.000107721 0.000107721 0.000107721 5.48283e-05
-5.0779e-06 -5.0779e-06 -5.0779e-06 5.92733e-05 0.000123625 0.000123625 0.000123625 0.000123625 5.92733e-05 -5.0779e-06 -5.0779e-06 -5.0779e-06 5.92733e-05 0.000123625 0.000123625 0.000123625 0.000123625 5.92733e-05
4.46115e-07 4.46115e-07 4.46115e-07 6.75104e-05 0.000134575 0.000134575 0.000134575 0.000134575 6.75104e-05 4.46115e-07 4.46115e-07 4.46115e-07 6.75104e-05 0.000134575 0.000134575 0.000134575 0.000134575 6.75104e-05
1.12558e-05 1.12558e-05 1.12558e-05 7.3047e-05 0.000134838 0.000134838 0.000134838 0.000134838 7.3047e-05 1.12558e-05 1.12558e-05 1.12558e-05 7.3047e-05 0.000134838 0.000134838 0.000134838 0.000134838 7.3047e-05
1.94458e-05 1.94458e-05 1.94458e-05 7.47084e-05 0.000129971 0.000129971 0.000129971 0.000129971 7.47084e-05 1.94458e-05 1.94458e-05 1.94458e-05 7.47084e-05 0.000129971 0.000129971 0.000129971 0.000129971 7.47084e-05
1.49498e-05 1.49498e-05 1.49498e-05 7.01175e-05 0.000125285 0.000125285 0.000125285 0.000125285 7.01175e-05 1.49498e-05 1.49498e-05 1.49498e-05 7.01175e-05 0.000125285 0.000125285 0.000125285 0.000125285 7.01175e-05
-5.67503e-06 -5.67503e-06 -5.67503e-06 5.69499e-05 0.000119575 0.000119575 0.000119575 0.000119575 5.69499e-05 -5.67503e-06 -5.67503e-06 -5.67503e-06 5.69499e-05 0.000119575 0.000119575 0.000119575 0.000119575 5.69499e-05
-2.87475e-05 -2.87475e-05 -2.87475e-05 4.13137e-05 0.000111375 0.000111375 0.000111375 0.000111375 4.13137e-05 -2.87475e-05 -2.87475e-05 -2.87475e-05 4.13137e-05 0.000111375 0.000111375 0.000111375 0.000111375 4.13137e-05
-3.64223e-05 -3.64223e-05 -3.64223e-05 3.26176e-05 0.000101657 0.000101657 0.000101657 0.000101657 3.26176e-05 -3.64223e-05 -3.64223e-05 -3.64223e-05 3.26176e-05 0.000101657 0.000101657 0.000101657 0.000101657 3.26176e-05
-2.99949e-05 -2.99949e-05 -2.99949e-05 2.92415e-05 8.8478e-05 8.8478e-05 8.8478e-05 8.8478e-05 2.92415e-05 -2.99949e-05 -2.99949e-05 -2.99949e-05 2.92415e-05 8.8478e-05 8.8478e-05 8.8478e-05 8.8478e-05 2.92415e-05
-2.74025e-05 -2.74025e-05 -2.74025e-05 2.05841e-05 6.85706e-05 6.85706e-05 6.85706e-05 6.85706e-05 2.05841e-05 -2.74025e-05 -2.74025e-05 -2.74025e-05 2.05841e-05 6.85706e-05 6.85706e-05 6.85706e-05 6.85706e-05 2.05841e-05
-3.76603e-05 -3.76603e-05 -3.76603e-05 4.35331e-06 4.6367e-05 4.6367e-05 4.6367e-05 4.6367e-05 4.35331e-06 -3.76603e-05 -3.76603e-05 -3.76603e-05 4.35331e-06 4.6367e-05 4.6367e-05 4.6367e-05 4.6367e-05 4.35331e-06
-5.16306e-05 -5.16306e-05 -5.16306e-05 -9.91e-06 3.18106e-05 3.18106e-05 3.18106e-05 3.18106e-05 -9.91e-06 -5.16306e-05 -5.16306e-05 -5.16306e-05 -9.91e-06 3.18106e-05 3.18106e-05 3.18106e-05 3.18106e-05 -9.91e-06
-5.852e-05 -5.852e-05 -5.852e-05 -1.61826e-05 2.61547e-05 2.61547e-05 2.61547e-05 2.61547e-05 -1.61826e-05 -5.852e-05 -5.852e-05 -5.852e-05 -1.61826e-05 2.61547e-05 2.61547e-05 2.61547e-05 2.61547e-05 -1.61826e-05
-5.64652e-05 -5.64652e-05 -5.64652e-05 -1.85997e-05 1.92657e-05 1.92657e-05 1.92657e-05 1.92657e-05 -1.85997e-05 -5.64652e-05 -5.64652e-05 -5.64652e-05 -1.85997e-05 1.92657e-05 1.92657e-05 1.92657e-05 1.92657e-05 -1.85997e-05
-4.75919e-05 -4.75919e-05 -4.75919e-05 -2.18769e-05 3.83807e-06 3.83807e-06 3.83807e-06 3.83807e-06 -2.18769e-05 -4.75919e-05 -4.75919e-05 -4.75919e-05 -2.18769e-05 3.83807e-06 3.83807e-06 3.83807e-06 3.83807e-06 -2.18769e-05
-3.67508e-05 -3.67508e-05 -3.67508e-05 -2.67194e-05 -1.6688e-05 -1.6688e-05 -1.6688e-05 -1.6688e-05 -2.67194e-05 -3.67508e-05 -3.67508e-05 -3.67508e-05 -2.67194e-05 -1.6688e-05 -1.6688e-05 -1.6688e-05 -1.6688e-05 -2.67194e-05
-3.30121e-05 -3.30121e-05 -3.30121e-05 -3.46347e-05 -3.62573e-05 -3.62573e-05 -3.62573e-05 -3.62573e-05 -3.46347e-05 -3.30121e-05 -3.30121e-05 -3.30121e-05 -3.46347e-05 -3.62573e-05 -3.62573e-05 -3.62573e-05 -3.62573e-05 -3.46347e-05
-4.05105e-05 -4.05105e-05 -4.05105e-05 -4.70282e-05 -5.3546e-05 -5.3546e-05 -5.3546e-05 -5.3546e-05 -4.70282e-05 -4.05105e-05 -4.05105e-05 -4.05105e-05 -4.70282e-05 -5.3546e-05 -5.3546e-05 -5.3546e-05 -5.3546e-05 -4.70282e-05
-5.01002e-05 -5.01002e-05 -5.01002e-05 -5.96008e-05 -6.91014e-05 -6.91014e-05 -6.91014e-05 -6.91014e-05 -5.96008e-05 -5.01002e-05 -5.01002e-05 -5.01002e-05 -5.96008e-05 -6.91014e-05 -6.91014e-05 -6.91014e-05 -6.91014e-05 -5.96008e-05
-4.91809e-05 -4.91809e-05 -4.91809e-05 -6.56145e-05 -8.2048e-05 -8.2048e-05 -8.2048e-05 -8.2048e-05 -6.56145e-05 -4.91809e-05 -4.91809e-05 -4.91809e-05 -6.56145e-05 -8.2048e-05 -8.2048e-05 -8.2048e-05 -8.2048e-05 -6.56145e-05
-3.75998e-05 -3.75998e-05 -3.75998e-05 -6.48996e-05 -9.21995e-05 -9.21995e-05 -9.21995e-05 -9.21995e-05 -6.48996e-05 -3.75998e-05 -3.75998e-05 -3.75998e-05 -6.48996e-05 -9.21995e-05 -9.21995e-05 -9.21995e-05 -9.21995e-05 -6.48996e-05
-2.71433e-05 -2.71433e-05 -2.71433e-05 -6.46415e-05 -0.00010214 -0.00010214 -0.00010214 -0.00010214 -6.46415e-05 -2.71433e-05 -2.71433e-05 -2.71433e-05 -6.46415e-05 -0.00010214 -0.00010214 -0.00010214 -0.00010214 -6.46415e-05
-2.67035e-05 -2.67035e-05 -2.67035e-05 -7.06746e-05 -0.000114646 -0.000114646 -0.000114646 -0.000114646 -7.06746e-05 -2.67035e-05 -2.67035e-05 -2.67035e-05 -7.06746e-05 -0.000114646 -0.000114646 -0.000114646 -0.000114646 -7.06746e-05
-3.41936e-05 -3.41936e-05 -3.41936e-05 -8.18981e-05 -0.000129603 -0.000129603 -0.000129603 -0.000129603 -8.18981e-05 -3.41936e-05 -3.41936e-05 -3.41936e-05 -8.18981e-05 -0.000129603 -0.000129603 -0.000129603 -0.000129603 -8.18981e-05
-4.22484e-05 -4.22484e-05 -4.22484e-05 -9.36806e-05 -0.000145113 -0.000145113 -0.000145113 -0.000145113 -9.36806e-05 -4.22484e-05 -4.22484e-05 -4.22484e-05 -9.36806e-05 -0.000145113 -0.000145113 -0.000145113 -0.000145113 -9.36806e-05
-4.49343e-05 -4.49343e-05 -4.49343e-05 -0.000101876 -0.000158817 -0.000158817 -0.000158817 -0.000158817 -0.000101876 -4.49343e-05 -4.49343e-05 -4.49343e-05 -0.000101876 -0.000158817 -0.000158817 -0.000158817 -0.000158817 -0.000101876
-4.0217e-05 -4.0217e-05 -4.0217e-05 -0.00010411 -0.000168004 -0.000168004 -0.000168004 -0.000168004 -0.00010411 -4.0217e-05 -4.0217e-05 -4.0217e-05 -0.00010411 -0.000168004 -0.000168004 -0.000168004 -0.000168004 -0.00010411
-3.32191e-05 -3.32191e-05 -3.32191e-05 -0.00010286 -0.000172501 -0.000172501 -0.000172501 -0.000172501 -0.00010286 -3.32191e-05 -3.32191e-05 -3.32191e-05 -0.00010286 -0.000172501 -0.000172501 -0.000172501 -0.000172501 -0.00010286
-3.49713e-05 -3.49713e-05 -3.49713e-05 -0.000105644 -0.000176317 -0.000176317 -0.000176317 -0.000176317 -0.000105644 -3.49713e-05 -3.49713e-05 -3.49713e-05 -0.000105644 -0.000176317 -0.000176317 -0.000176317 -0.000176317 -0.000105644
-4.98988e-05 -4.98988e-05 -4.98988e-05 -0.000116197 -0.000182495 -0.000182495 -0.000182495 -0.000182495 -0.000116197 -4.98988e-05 -4.98988e-05 -4.98988e-05 -0.000116197 -0.000182495 -0.000182495 -0.000182495 -0.000182495 -0.000116197
-6.66787e-05 -6.66787e-05 -6.66787e-05 -0.000127517 -0.000188355 -0.000188355 -0.000188355 -0.000188355 -0.000127517 -6.66787e-05 -6.66787e-05 -6.66787e-05 -0.000127517 -0.000188355 -0.000188355 -0.000188355 -0.000188355 -0.000127517
-6.89246e-05 -6.89246e-05 -6.89246e-05 -0.000128795 -0.000188666 -0.000188666 -0.000188666 -0.000188666 -0.000128795 -6.89246e-05 -6.89246e-05 -6.89246e-05 -0.000128795 -0.000188666 -0.000188666 -0.000188666 -0.000188666 -0.000128795
-5.41628e-05 -5.41628e-05 -5.41628e-05 -0.000117664 -0.000181166 -0.000181166 -0.000181166 -0.000181166 -0.000117664 -5.41628e-05 -5.41628e-05 -5.41628e-05 -0.000117664 -0.000181166 -0.000181166 -0.000181166 -0.000181166 -0.000117664
-3.61534e-05 -3.61534e-05 -3.61534e-05 -0.00010148 -0.000166806 -0.000166806 -0.000166806 -0.000166806 -0.00010148 -3.61534e-05 -3.61534e-05 -3.61534e-05 -0.00010148 -0.000166806 -0.000166806 -0.000166806 -0.000166806 -0.00010148
-2.71894e-05 -2.71894e-05 -2.71894e-05 -8.71694e-05 -0.000147149 -0.000147149 -0.000147149 -0.000147149 -8.71694e-05 -2.71894e-05 -2.71894e-05 -2.71894e-05 -8.71694e-05 -0.000147149 -0.000147149 -0.000147149 -0.000147149 -8.71694e-05
-2.57509e-05 -2.57509e-05 -2.57509e-05 -7.55407e-05 -0.00012533 -0.00012533 -0.00012533 -0.00012533 -7.55407e-05 -2.57509e-05 -2.57509e-05 -2.57509e-05 -7.55407e-05 -0.00012533 -0.00012533 -0.00012533 -0.00012533 -7.55407e-05
-2.4178e-05 -2.4178e-05 -2.4178e-05 -6.55984e-05 -0.000107019 -0.000107019 -0.000107019 -0.000107019 -6.55984e-05 -2.4178e-05 -2.4178e-05 -2.4178e-05 -6.55984e-05 -0.000107019 -0.000107019 -0.000107019 -0.000107019 -6.55984e-05
-1.85705e-05 -1.85705e-05 -1.85705e-05 -5.66791e-05 -9.47877e-05 -9.47877e-05 -9.47877e-05 -9.47877e-05 -5.66791e-05 -1.85705e-05 -1.85705e-05 -1.85705e-05 -5.66791e-05 -9.47877e-05 -9.47877e-05 -9.47877e-05 -9.47877e-05 -5.66791e-05
-8.75922e-06 -8.75922e-06 -8.75922e-06 -4.60966e-05 -8.34341e-05 -8.34341e-05 -8.34341e-05 -8.34341e-05 -4.60966e-05 -8.75922e-06 -8.75922e-06 -8.75922e-06 -4.60966e-05 -8.34341e-05 -8.34341e-05 -8.34341e-05 -8.34341e-05 -4.60966e-05
1.69683e-06 1.69683e-06 1.69683e-06 -3.21516e-05 -6.6e-05 -6.6e-05 -6.6e-05 -6.6e-05 -3.21516e-05 1.69683e-06 1.69683e-06 1.69683e-06 -3.21516e-05 -6.6e-05 -6.6e-05 -6.6e-05 -6.6e-05 -3.21516e-05
