-4.32417e-09 -4.32417e-09 -4.32417e-09 -3.62149e-09 -2.91881e-09 -2.91881e-09 -2.91881e-09 -2.91881e-09 -3.62149e-09 -4.32417e-09 -4.32417e-09 -4.32417e-09 -3.62149e-09 -2.91881e-09 -2.91881e-09 -2.91881e-09 -2.91881e-09 -3.62149e-09
-6.51925e-08 -6.51925e-08 -6.51925e-08 -5.10346e-08 -3.68766e-08 -3.68766e-08 -3.68766e-08 -3.68766e-08 -5.10346e-08 -6.51925e-08 -6.51925e-08 -6.51925e-08 -5.10346e-08 -3.68766e-08 -3.68766e-08 -3.68766e-08 -3.68766e-08 -5.10346e-08
-5.07922e-07 -5.07922e-07 -5.07922e-07 -4.10296e-07 -3.1267e-07 -3.1267e-07 -3.1267e-07 -3.1267e-07 -4.10296e-07 -5.07922e-07 -5.07922e-07 -5.07922e-07 -4.10296e-07 -3.1267e-07 -3.1267e-07 -3.1267e-07 -3.1267e-07 -4.10296e-07
-2.14374e-06 -2.14374e-06 -2.14374e-06 -1.78608e-06 -1.42843e-06 -1.42843e-06 -1.42843e-06 -1.42843e-06 -1.78608e-06 -2.14374e-06 -2.14374e-06 -2.14374e-06 -1.78608e-06 -1.42843e-06 -1.42843e-06 -1.42843e-06 -1.42843e-06 -1.78608e-06
-5.46165e-06 -5.46165e-06 -5.46165e-06 -4.66022e-06 -3.85879e-06 -3.85879e-06 -3.85879e-06 -3.85879e-06 -4.66022e-06 -5.46165e-06 -5.46165e-06 -5.46165e-06 -4.66022e-06 -3.85879e-06 -3.85879e-06 -3.85879e-06 -3.85879e-06 -4.66022e-06
-8.94884e-06 -8.94884e-06 -8.94884e-06 -7.80589e-06 -6.66293e-06 -6.66293e-06 -6.66293e-06 -6.66293e-06 -7.80589e-06 -8.94884e-06 -8.94884e-06 -8.94884e-06 -7.80589e-06 -6.66293e-06 -6.66293e-06 -6.66293e-06 -6.66293e-06 -7.80589e-06
-9.73086e-06 -9.73086e-06 -9.73086e-06 -8.74589e-06 -7.76092e-06 -7.76092e-06 -7.76092e-06 -7.76092e-06 -8.74589e-06 -9.73086e-06 -9.73086e-06 -9.73086e-06 -8.74589e-06 -7.76092e-06 -7.76092e-06 -7.76092e-06 -7.76092e-06 -8.74589e-06
-7.38293e-06 -7.38293e-06 -7.38293e-06 -7.03016e-06 -6.6774e-06 -6.6774e-06 -6.6774e-06 -6.6774e-06 -7.03016e-06 -7.38293e-06 -7.38293e-06 -7.38293e-06 -7.03016e-06 -6.6774e-06 -6.6774e-06 -6.6774e-06 -6.6774e-06 -7.03016e-06
-5.4532e-06 -5.4532e-06 -5.4532e-06 -5.62567e-06 -5.79813e-06 -5.79813e-06 -5.79813e-06 -5.79813e-06 -5.62567e-06 -5.4532e-06 -5.4532e-06 -5.4532e-06 -5.62567e-06 -5.79813e-06 -5.79813e-06 -5.79813e-06 -5.79813e-06 -5.62567e-06
-7.50628e-06 -7.50628e-06 -7.50628e-06 -7.52131e-06 -7.53633e-06 -7.53633e-06 -7.53633e-06 -7.53633e-06 -7.52131e-06 -7.50628e-06 -7.50628e-06 -7.50628e-06 -7.52131e-06 -7.53633e-06 -7.53633e-06 -7.53633e-06 -7.53633e-06 -7.52131e-06
-1.22472e-05 -1.22472e-05 -1.22472e-05 -1.14791e-05 -1.0711e-05 -1.0711e-05 -1.0711e-05 -1.0711e-05 -1.14791e-05 -1.22472e-05 -1.22472e-05 -1.22472e-05 -1.14791e-05 -1.0711e-05 -1.0711e-05 -1.0711e-05 -1.0711e-05 -1.14791e-05
-1.37234e-05 -1.37234e-05 -1.37234e-05 -1.23392e-05 -1.09551e-05 -1.09551e-05 -1.09551e-05 -1.09551e-05 -1.23392e-05 -1.37234e-05 -1.37234e-05 -1.37234e-05 -1.23392e-05 -1.09551e-05 -1.09551e-05 -1.09551e-05 -1.09551e-05 -1.23392e-05
-7.86084e-06 -7.86084e-06 -7.86084e-06 -6.91464e-06 -5.96844e-06 -5.96844e-06 -5.96844e-06 -5.96844e-06 -6.91464e-06 -7.86084e-06 -7.86084e-06 -7.86084e-06 -6.91464e-06 -5.96844e-06 -5.96844e-06 -5.96844e-06 -5.96844e-06 -6.91464e-06
1.45584e-06 1.45584e-06 1.45584e-06 9.3611e-07 4.16377e-07 4.16377e-07 4.16377e-07 4.16377e-07 9.3611e-07 1.45584e-06 1.45584e-06 1.45584e-06 9.3611e-07 4.16377e-07 4.16377e-07 4.16377e-07 4.16377e-07 9.3611e-07
6.43415e-06 6.43415e-06 6.43415e-06 4.48776e-06 2.54138e-06 2.54138e-06 2.54138e-06 2.54138e-06 4.48776e-06 6.43415e-06 6.43415e-06 6.43415e-06 4.48776e-06 2.54138e-06 2.54138e-06 2.54138e-06 2.54138e-06 4.48776e-06
5.6602e-06 5.6602e-06 5.6602e-06 3.3178e-06 9.75409e-07 9.75409e-07 9.75409e-07 9.75409e-07 3.3178e-06 5.6602e-06 5.6602e-06 5.6602e-06 3.3178e-06 9.75409e-07 9.75409e-07 9.75409e-07 9.75409e-07 3.3178e-06
5.0401e-06 5.0401e-06 5.0401e-06 3.34345e-06 1.6468e-06 1.6468e-06 1.6468e-06 1.6468e-06 3.34345e-06 5.0401e-06 5.0401e-06 5.0401e-06 3.34345e-06 1.6468e-06 1.6468e-06 1.6468e-06 1.6468e-06 3.34345e-06
8.72626e-06 8.72626e-06 8.72626e-06 7.87049e-06 7.01472e-06 7.01472e-06 7.01472e-06 7.01472e-06 7.87049e-06 8.72626e-06 8.72626e-06 8.72626e-06 7.87049e-06 7.01472e-06 7.01472e-06 7.01472e-06 7.01472e-06 7.87049e-06
1.50177e-05 1.50177e-05 1.50177e-05 1.40889e-05 1.316e-05 1.316e-05 1.316e-05 1.316e-05 1.40889e-05 1.50177e-05 1.50177e-05 1.50177e-05 1.40889e-05 1.316e-05 1.316e-05 1.316e-05 1.316e-05 1.40889e-05
2.04055e-05 2.04055e-05 2.04055e-05 1.8142e-05 1.58785e-05 1.58785e-05 1.58785e-05 1.58785e-05 1.8142e-05 2.04055e-05 2.04055e-05 2.04055e-05 1.8142e-05 1.58785e-05 1.58785e-05 1.58785e-05 1.58785e-05 1.8142e-05
2.25543e-05 2.25543e-05 2.25543e-05 1.88899e-05 1.52254e-05 1.52254e-05 1.52254e-05 1.52254e-05 1.88899e-05 2.25543e-05 2.25543e-05 2.25543e-05 1.88899e-05 1.52254e-05 1.52254e-05 1.52254e-05 1.52254e-05 1.88899e-05
2.06061e-05 2.06061e-05 2.06061e-05 1.70526e-05 1.34991e-05 1.34991e-05 1.34991e-05 1.34991e-05 1.70526e-05 2.06061e-05 2.06061e-05 2.06061e-05 1.70526e-05 1.34991e-05 1.34991e-05 1.34991e-05 1.34991e-05 1.70526e-05
1.65744e-05 1.65744e-05 1.65744e-05 1.45355e-05 1.24965e-05 1.24965e-05 1.24965e-05 1.24965e-05 1.45355e-05 1.65744e-05 1.65744e-05 1.65744e-05 1.45355e-05 1.24965e-05 1.24965e-05 1.24965e-05 1.24965e-05 1.45355e-05
1.53332e-05 1.53332e-05 1.53332e-05 1.45341e-05 1.3735e-05 1.3735e-05 1.3735e-05 1.3735e-05 1.45341e-05 1.53332e-05 1.53332e-05 1.53332e-05 1.45341e-05 1.3735e-05 1.3735e-05 1.3735e-05 1.3735e-05 1.45341e-05
1.99065e-05 1.99065e-05 1.99065e-05 1.89165e-05 1.79265e-05 1.79265e-05 1.79265e-05 1.79265e-05 1.89165e-05 1.99065e-05 1.99065e-05 1.99065e-05 1.89165e-05 1.79265e-05 1.79265e-05 1.79265e-05 1.79265e-05 1.89165e-05
2.65112e-05 2.65112e-05 2.65112e-05 2.43419e-05 2.21726e-05 2.21726e-05 2.21726e-05 2.21726e-05 2.43419e-05 2.65112e-05 2.65112e-05 2.65112e-05 2.43419e-05 2.21726e-05 2.21726e-05 2.21726e-05 2.21726e-05 2.43419e-05
2.7442e-05 2.7442e-05 2.7442e-05 2.43761e-05 2.13103e-05 2.13103e-05 2.13103e-05 2.13103e-05 2.43761e-05 2.7442e-05 2.7442e-05 2.7442e-05 2.43761e-05 2.13103e-05 2.13103e-05 2.13103e-05 2.13103e-05 2.43761e-05
2.02619e-05 2.02619e-05 2.02619e-05 1.76427e-05 1.50235e-05 1.50235e-05 1.50235e-05 1.50235e-05 1.76427e-05 2.02619e-05 2.02619e-05 2.02619e-05 1.76427e-05 1.50235e-05 1.50235e-05 1.50235e-05 1.50235e-05 1.76427e-05
1.0382e-05 1.0382e-05 1.0382e-05 9.92858e-06 9.47512e-06 9.47512e-06 9.47512e-06 9.47512e-06 9.92858e-06 1.0382e-05 1.0382e-05 1.0382e-05 9.92858e-06 9.47512e-06 9.47512e-06 9.47512e-06 9.47512e-06 9.92858e-06
3.98068e-06 3.98068e-06 3.98068e-06 6.59563e-06 9.21057e-06 9.21057e-06 9.21057e-06 9.21057e-06 6.59563e-06 3.98068e-06 3.98068e-06 3.98068e-06 6.59563e-06 9.21057e-06 9.21057e-06 9.21057e-06 9.21057e-06 6.59563e-06
2.79063e-06 2.79063e-06 2.79063e-06 7.1678e-06 1.1545e-05 1.1545e-05 1.1545e-05 1.1545e-05 7.1678e-06 2.79063e-06 2.79063e-06 2.79063e-06 7.1678e-06 1.1545e-05 1.1545e-05 1.1545e-05 1.1545e-05 7.1678e-06
4.78369e-06 4.78369e-06 4.78369e-06 7.87953e-06 1.09754e-05 1.09754e-05 1.09754e-05 1.09754e-05 7.87953e-06 4.78369e-06 4.78369e-06 4.78369e-06 7.87953e-06 1.09754e-05 1.09754e-05 1.09754e-05 1.09754e-05 7.87953e-06
5.52169e-06 5.52169e-06 5.52169e-06 5.71807e-06 5.91445e-06 5.91445e-06 5.91445e-06 5.91445e-06 5.71807e-06 5.52169e-06 5.52169e-06 5.52169e-06 5.71807e-06 5.91445e-06 5.91445e-06 5.91445e-06 5.91445e-06 5.71807e-06
-1.51434e-07 -1.51434e-07 -1.51434e-07 -7.29364e-07 -1.30729e-06 -1.30729e-06 -1.30729e-06 -1.30729e-06 -7.29364e-07 -1.51434e-07 -1.51434e-07 -1.51434e-07 -7.29364e-07 -1.30729e-06 -1.30729e-06 -1.30729e-06 -1.30729e-06 -7.29364e-07
-1.32471e-05 -1.32471e-05 -1.32471e-05 -1.07856e-05 -8.32411e-06 -8.32411e-06 -8.32411e-06 -8.32411e-06 -1.07856e-05 -1.32471e-05 -1.32471e-05 -1.32471e-05 -1.07856e-05 -8.32411e-06 -8.32411e-06 -8.32411e-06 -8.32411e-06 -1.07856e-05
-2.64718e-05 -2.64718e-05 -2.64718e-05 -1.97062e-05 -1.29407e-05 -1.29407e-05 -1.29407e-05 -1.29407e-05 -1.97062e-05 -2.64718e-05 -2.64718e-05 -2.64718e-05 -1.97062e-05 -1.29407e-05 -1.29407e-05 -1.29407e-05 -1.29407e-05 -1.97062e-05
-2.94508e-05 -2.94508e-05 -2.94508e-05 -2.09616e-05 -1.24723e-05 -1.24723e-05 -1.24723e-05 -1.24723e-05 -2.09616e-05 -2.94508e-05 -2.94508e-05 -2.94508e-05 -2.09616e-05 -1.24723e-05 -1.24723e-05 -1.24723e-05 -1.24723e-05 -2.09616e-05
-2.08658e-05 -2.08658e-05 -2.08658e-05 -1.43073e-05 -7.74878e-06 -7.74878e-06 -7.74878e-06 -7.74878e-06 -1.43073e-05 -2.08658e-05 -2.08658e-05 -2.08658e-05 -1.43073e-05 -7.74878e-06 -7.74878e-06 -7.74878e-06 -7.74878e-06 -1.43073e-05
-1.14638e-05 -1.14638e-05 -1.14638e-05 -8.29021e-06 -5.11664e-06 -5.11664e-06 -5.11664e-06 -5.11664e-06 -8.29021e-06 -1.14638e-05 -1.14638e-05 -1.14638e-05 -8.29021e-06 -5.11664e-06 -5.11664e-06 -5.11664e-06 -5.11664e-06 -8.29021e-06
-1.2332e-05 -1.2332e-05 -1.2332e-05 -1.09816e-05 -9.63125e-06 -9.63125e-06 -9.63125e-06 -9.63125e-06 -1.09816e-05 -1.2332e-05 -1.2332e-05 -1.2332e-05 -1.09816e-05 -9.63125e-06 -9.63125e-06 -9.63125e-06 -9.63125e-06 -1.09816e-05
-2.33156e-05 -2.33156e-05 -2.33156e-05 -2.06109e-05 -1.79063e-05 -1.79063e-05 -1.79063e-05 -1.79063e-05 -2.06109e-05 -2.33156e-05 -2.33156e-05 -2.33156e-05 -2.06109e-05 -1.79063e-05 -1.79063e-05 -1.79063e-05 -1.79063e-05 -2.06109e-05
-3.41702e-05 -3.41702e-05 -3.41702e-05 -2.78803e-05 -2.15905e-05 -2.15905e-05 -2.15905e-05 -2.15905e-05 -2.78803e-05 -3.41702e-05 -3.41702e-05 -3.41702e-05 -2.78803e-05 -2.15905e-05 -2.15905e-05 -2.15905e-05 -2.15905e-05 -2.78803e-05
-3.48774e-05 -3.48774e-05 -3.48774e-05 -2.62939e-05 -1.77104e-05 -1.77104e-05 -1.77104e-05 -1.77104e-05 -2.62939e-05 -3.48774e-05 -3.48774e-05 -3.48774e-05 -2.62939e-05 -1.77104e-05 -1.77104e-05 -1.77104e-05 -1.77104e-05 -2.62939e-05
-2.52995e-05 -2.52995e-05 -2.52995e-05 -1.89407e-05 -1.2582e-05 -1.2582e-05 -1.2582e-05 -1.2582e-05 -1.89407e-05 -2.52995e-05 -2.52995e-05 -2.52995e-05 -1.89407e-05 -1.2582e-05 -1.2582e-05 -1.2582e-05 -1.2582e-05 -1.89407e-05
-1.50031e-05 -1.50031e-05 -1.50031e-05 -1.42897e-05 -1.35763e-05 -1.35763e-05 -1.35763e-05 -1.35763e-05 -1.42897e-05 -1.50031e-05 -1.50031e-05 -1.50031e-05 -1.42897e-05 -1.35763e-05 -1.35763e-05 -1.35763e-05 -1.35763e-05 -1.42897e-05
-1.24149e-05 -1.24149e-05 -1.24149e-05 -1.58077e-05 -1.92005e-05 -1.92005e-05 -1.92005e-05 -1.92005e-05 -1.58077e-05 -1.24149e-05 -1.24149e-05 -1.24149e-05 -1.58077e-05 -1.92005e-05 -1.92005e-05 -1.92005e-05 -1.92005e-05 -1.58077e-05
-1.67813e-05 -1.67813e-05 -1.67813e-05 -1.92324e-05 -2.16834e-05 -2.16834e-05 -2.16834e-05 -2.16834e-05 -1.92324e-05 -1.67813e-05 -1.67813e-05 -1.67813e-05 -1.92324e-05 -2.16834e-05 -2.16834e-05 -2.16834e-05 -2.16834e-05 -1.92324e-05
-2.05761e-05 -2.05761e-05 -2.05761e-05 -1.88782e-05 -1.71803e-05 -1.71803e-05 -1.71803e-05 -1.71803e-05 -1.88782e-05 -2.05761e-05 -2.05761e-05 -2.05761e-05 -1.88782e-05 -1.71803e-05 -1.71803e-05 -1.71803e-05 -1.71803e-05 -1.88782e-05
-1.54155e-05 -1.54155e-05 -1.54155e-05 -1.16874e-05 -7.95928e-06 -7.95928e-06 -7.95928e-06 -7.95928e-06 -1.16874e-05 -1.54155e-05 -1.54155e-05 -1.54155e-05 -1.16874e-05 -7.95928e-06 -7.95928e-06 -7.95928e-06 -7.95928e-06 -1.16874e-05
1.60435e-06 1.60435e-06 1.60435e-06 2.04014e-06 2.47593e-06 2.47593e-06 2.47593e-06 2.47593e-06 2.04014e-06 1.60435e-06 1.60435e-06 1.60435e-06 2.04014e-06 2.47593e-06 2.47593e-06 2.47593e-06 2.47593e-06 2.04014e-06
2.35359e-05 2.35359e-05 2.35359e-05 1.74943e-05 1.14526e-05 1.14526e-05 1.14526e-05 1.14526e-05 1.74943e-05 2.35359e-05 2.35359e-05 2.35359e-05 1.74943e-05 1.14526e-05 1.14526e-05 1.14526e-05 1.14526e-05 1.74943e-05
3.89743e-05 3.89743e-05 3.89743e-05 2.80429e-05 1.71114e-05 1.71114e-05 1.71114e-05 1.71114e-05 2.80429e-05 3.89743e-05 3.89743e-05 3.89743e-05 2.80429e-05 1.71114e-05 1.71114e-05 1.71114e-05 1.71114e-05 2.80429e-05
4.34642e-05 4.34642e-05 4.34642e-05 3.19474e-05 2.04306e-05 2.04306e-05 2.04306e-05 2.04306e-05 3.19474e-05 4.34642e-05 4.34642e-05 4.34642e-05 3.19474e-05 2.04306e-05 2.04306e-05 2.04306e-05 2.04306e-05 3.19474e-05
4.25763e-05 4.25763e-05 4.25763e-05 3.40436e-05 2.5511e-05 2.5511e-05 2.5511e-05 2.5511e-05 3.40436e-05 4.25763e-05 4.25763e-05 4.25763e-05 3.40436e-05 2.5511e-05 2.5511e-05 2.5511e-05 2.5511e-05 3.40436e-05
4.38475e-05 4.38475e-05 4.38475e-05 3.89681e-05 3.40886e-05 3.40886e-05 3.40886e-05 3.40886e-05 3.89681e-05 4.38475e-05 4.38475e-05 4.38475e-05 3.89681e-05 3.40886e-05 3.40886e-05 3.40886e-05 3.40886e-05 3.89681e-05
4.87015e-05 4.87015e-05 4.87015e-05 4.48205e-05 4.09395e-05 4.09395e-05 4.09395e-05 4.09395e-05 4.48205e-05 4.87015e-05 4.87015e-05 4.87015e-05 4.48205e-05 4.09395e-05 4.09395e-05 4.09395e-05 4.09395e-05 4.48205e-05
5.34601e-05 5.34601e-05 5.34601e-05 4.65507e-05 3.96413e-05 3.96413e-05 3.96413e-05 3.96413e-05 4.65507e-05 5.34601e-05 5.34601e-05 5.34601e-05 4.65507e-05 3.96413e-05 3.96413e-05 3.96413e-05 3.96413e-05 4.65507e-05
5.53342e-05 5.53342e-05 5.53342e-05 4.37803e-05 3.22263e-05 3.22263e-05 3.22263e-05 3.22263e-05 4.37803e-05 5.53342e-05 5.53342e-05 5.53342e-05 4.37803e-05 3.22263e-05 3.22263e-05 3.22263e-05 3.22263e-05 4.37803e-05
5.26967e-05 5.26967e-05 5.26967e-05 3.95668e-05 2.64368e-05 2.64368e-05 2.64368e-05 2.64368e-05 3.95668e-05 5.26967e-05 5.26967e-05 5.26967e-05 3.95668e-05 2.64368e-05 2.64368e-05 2.64368e-05 2.64368e-05 3.95668e-05
4.3603e-05 4.3603e-05 4.3603e-05 3.41764e-05 2.47498e-05 2.47498e-05 2.47498e-05 2.47498e-05 3.41764e-05 4.3603e-05 4.3603e-05 4.3603e-05 3.41764e-05 2.47498e-05 2.47498e-05 2.47498e-05 2.47498e-05 3.41764e-05
3.19224e-05 3.19224e-05 3.19224e-05 2.8128e-05 2.43336e-05 2.43336e-05 2.43336e-05 2.43336e-05 2.8128e-05 3.19224e-05 3.19224e-05 3.19224e-05 2.8128e-05 2.43336e-05 2.43336e-05 2.43336e-05 2.43336e-05 2.8128e-05
2.83314e-05 2.83314e-05 2.83314e-05 2.67953e-05 2.52592e-05 2.52592e-05 2.52592e-05 2.52592e-05 2.67953e-05 2.83314e-05 2.83314e-05 2.83314e-05 2.67953e-05 2.52592e-05 2.52592e-05 2.52592e-05 2.52592e-05 2.67953e-05
3.62364e-05 3.62364e-05 3.62364e-05 3.28197e-05 2.94029e-05 2.94029e-05 2.94029e-05 2.94029e-05 3.28197e-05 3.62364e-05 3.62364e-05 3.62364e-05 3.28197e-05 2.94029e-05 2.94029e-05 2.94029e-05 2.94029e-05 3.28197e-05
4.41001e-05 4.41001e-05 4.41001e-05 3.87157e-05 3.33312e-05 3.33312e-05 3.33312e-05 3.33312e-05 3.87157e-05 4.41001e-05 4.41001e-05 4.41001e-05 3.87157e-05 3.33312e-05 3.33312e-05 3.33312e-05 3.33312e-05 3.87157e-05
3.9495e-05 3.9495e-05 3.9495e-05 3.53856e-05 3.12762e-05 3.12762e-05 3.12762e-05 3.12762e-05 3.53856e-05 3.9495e-05 3.9495e-05 3.9495e-05 3.53856e-05 3.12762e-05 3.12762e-05 3.12762e-05 3.12762e-05 3.53856e-05
2.50116e-05 2.50116e-05 2.50116e-05 2.48974e-05 2.47833e-05 2.47833e-05 2.47833e-05 2.47833e-05 2.48974e-05 2.50116e-05 2.50116e-05 2.50116e-05 2.48974e-05 2.47833e-05 2.47833e-05 2.47833e-05 2.47833e-05 2.48974e-05
1.40279e-05 1.40279e-05 1.40279e-05 1.78453e-05 2.16627e-05 2.16627e-05 2.16627e-05 2.16627e-05 1.78453e-05 1.40279e-05 1.40279e-05 1.40279e-05 1.78453e-05 2.16627e-05 2.16627e-05 2.16627e-05 2.16627e-05 1.78453e-05
1.36157e-05 1.36157e-05 1.36157e-05 1.89084e-05 2.42011e-05 2.42011e-05 2.42011e-05 2.42011e-05 1.89084e-05 1.36157e-05 1.36157e-05 1.36157e-05 1.89084e-05 2.42011e-05 2.42011e-05 2.42011e-05 2.42011e-05 1.89084e-05
1.68575e-05 1.68575e-05 1.68575e-05 2.09348e-05 2.50122e-05 2.50122e-05 2.50122e-05 2.50122e-05 2.09348e-05 1.68575e-05 1.68575e-05 1.68575e-05 2.09348e-05 2.50122e-05 2.50122e-05 2.50122e-05 2.50122e-05 2.09348e-05
1.20081e-05 1.20081e-05 1.20081e-05 1.46352e-05 1.72623e-05 1.72623e-05 1.72623e-05 1.72623e-05 1.46352e-05 1.20081e-05 1.20081e-05 1.20081e-05 1.46352e-05 1.72623e-05 1.72623e-05 1.72623e-05 1.72623e-05 1.46352e-05
-4.40506e-06 -4.40506e-06 -4.40506e-06 -1.41229e-07 4.1226e-06 4.1226e-06 4.1226e-06 4.1226e-06 -1.41229e-07 -4.40506e-06 -4.40506e-06 -4.40506e-06 -1.41229e-07 4.1226e-06 4.1226e-06 4.1226e-06 4.1226e-06 -1.41229e-07
-2.45776e-05 -2.45776e-05 -2.45776e-05 -1.50962e-05 -5.61491e-06 -5.61491e-06 -5.61491e-06 -5.61491e-06 -1.50962e-05 -2.45776e-05 -2.45776e-05 -2.45776e-05 -1.50962e-05 -5.61491e-06 -5.61491e-06 -5.61491e-06 -5.61491e-06 -1.50962e-05
-3.78153e-05 -3.78153e-05 -3.78153e-05 -2.33006e-05 -8.78587e-06 -8.78587e-06 -8.78587e-06 -8.78587e-06 -2.33006e-05 -3.78153e-05 -3.78153e-05 -3.78153e-05 -2.33006e-05 -8.78587e-06 -8.78587e-06 -8.78587e-06 -8.78587e-06 -2.33006e-05
-4.04294e-05 -4.04294e-05 -4.04294e-05 -2.5255e-05 -1.00805e-05 -1.00805e-05 -1.00805e-05 -1.00805e-05 -2.5255e-05 -4.04294e-05 -4.04294e-05 -4.04294e-05 -2.5255e-05 -1.00805e-05 -1.00805e-05 -1.00805e-05 -1.00805e-05 -2.5255e-05
-3.68163e-05 -3.68163e-05 -3.68163e-05 -2.50888e-05 -1.33613e-05 -1.33613e-05 -1.33613e-05 -1.33613e-05 -2.50888e-05 -3.68163e-05 -3.68163e-05 -3.68163e-05 -2.50888e-05 -1.33613e-05 -1.33613e-05 -1.33613e-05 -1.33613e-05 -2.50888e-05
-3.35743e-05 -3.35743e-05 -3.35743e-05 -2.50483e-05 -1.65222e-05 -1.65222e-05 -1.65222e-05 -1.65222e-05 -2.50483e-05 -3.35743e-05 -3.35743e-05 -3.35743e-05 -2.50483e-05 -1.65222e-05 -1.65222e-05 -1.65222e-05 -1.65222e-05 -2.50483e-05
-3.49876e-05 -3.49876e-05 -3.49876e-05 -2.58634e-05 -1.67391e-05 -1.67391e-05 -1.67391e-05 -1.67391e-05 -2.58634e-05 -3.49876e-05 -3.49876e-05 -3.49876e-05 -2.58634e-05 -1.67391e-05 -1.67391e-05 -1.67391e-05 -1.67391e-05 -2.58634e-05
-4.05928e-05 -4.05928e-05 -4.05928e-05 -2.80526e-05 -1.55123e-05 -1.55123e-05 -1.55123e-05 -1.55123e-05 -2.80526e-05 -4.05928e-05 -4.05928e-05 -4.05928e-05 -2.80526e-05 -1.55123e-05 -1.55123e-05 -1.55123e-05 -1.55123e-05 -2.80526e-05
-4.39838e-05 -4.39838e-05 -4.39838e-05 -2.95855e-05 -1.51872e-05 -1.51872e-05 -1.51872e-05 -1.51872e-05 -2.95855e-05 -4.39838e-05 -4.39838e-05 -4.39838e-05 -2.95855e-05 -1.51872e-05 -1.51872e-05 -1.51872e-05 -1.51872e-05 -2.95855e-05
-3.81488e-05 -3.81488e-05 -3.81488e-05 -2.63295e-05 -1.45103e-05 -1.45103e-05 -1.45103e-05 -1.45103e-05 -2.63295e-05 -3.81488e-05 -3.81488e-05 -3.81488e-05 -2.63295e-05 -1.45103e-05 -1.45103e-05 -1.45103e-05 -1.45103e-05 -2.63295e-05
-2.42355e-05 -2.42355e-05 -2.42355e-05 -1.77672e-05 -1.12989e-05 -1.12989e-05 -1.12989e-05 -1.12989e-05 -1.77672e-05 -2.42355e-05 -2.42355e-05 -2.42355e-05 -1.77672e-05 -1.12989e-05 -1.12989e-05 -1.12989e-05 -1.12989e-05 -1.77672e-05
-1.11407e-05 -1.11407e-05 -1.11407e-05 -8.89557e-06 -6.65048e-06 -6.65048e-06 -6.65048e-06 -6.65048e-06 -8.89557e-06 -1.11407e-05 -1.11407e-05 -1.11407e-05 -8.89557e-06 -6.65048e-06 -6.65048e-06 -6.65048e-06 -6.65048e-06 -8.89557e-06
-6.34954e-06 -6.34954e-06 -6.34954e-06 -4.87948e-06 -3.40941e-06 -3.40941e-06 -3.40941e-06 -3.40941e-06 -4.87948e-06 -6.34954e-06 -6.34954e-06 -6.34954e-06 -4.87948e-06 -3.40941e-06 -3.40941e-06 -3.40941e-06 -3.40941e-06 -4.87948e-06
-9.05047e-06 -9.05047e-06 -9.05047e-06 -5.39404e-06 -1.7376e-06 -1.7376e-06 -1.7376e-06 -1.7376e-06 -5.39404e-06 -9.05047e-06 -9.05047e-06 -9.05047e-06 -5.39404e-06 -1.7376e-06 -1.7376e-06 -1.7376e-06 -1.7376e-06 -5.39404e-06
-1.08112e-05 -1.08112e-05 -1.08112e-05 -4.94634e-06 9.18576e-07 9.18576e-07 9.18576e-07 9.18576e-07 -4.94634e-06 -1.08112e-05 -1.08112e-05 -1.08112e-05 -4.94634e-06 9.18576e-07 9.18576e-07 9.18576e-07 9.18576e-07 -4.94634e-06
-3.30739e-06 -3.30739e-06 -3.30739e-06 9.87619e-07 5.28262e-06 5.28262e-06 5.28262e-06 5.28262e-06 9.87619e-07 -3.30739e-06 -3.30739e-06 -3.30739e-06 9.87619e-07 5.28262e-06 5.28262e-06 5.28262e-06 5.28262e-06 9.87619e-07
1.33787e-05 1.33787e-05 1.33787e-05 1.10779e-05 8.77715e-06 8.77715e-06 8.77715e-06 8.77715e-06 1.10779e-05 1.33787e-05 1.33787e-05 1.33787e-05 1.10779e-05 8.77715e-06 8.77715e-06 8.77715e-06 8.77715e-06 1.10779e-05
3.02048e-05 3.02048e-05 3.02048e-05 1.99468e-05 9.68879e-06 9.68879e-06 9.68879e-06 9.68879e-06 1.99468e-05 3.02048e-05 3.02048e-05 3.02048e-05 1.99468e-05 9.68879e-06 9.68879e-06 9.68879e-06 9.68879e-06 1.99468e-05
3.68248e-05 3.68248e-05 3.68248e-05 2.34208e-05 1.00167e-05 1.00167e-05 1.00167e-05 1.00167e-05 2.34208e-05 3.68248e-05 3.68248e-05 3.68248e-05 2.34208e-05 1.00167e-05 1.00167e-05 1.00167e-05 1.00167e-05 2.34208e-05
3.15957e-05 3.15957e-05 3.15957e-05 2.21759e-05 1.2756e-05 1.2756e-05 1.2756e-05 1.2756e-05 2.21759e-05 3.15957e-05 3.15957e-05 3.15957e-05 2.21759e-05 1.2756e-05 1.2756e-05 1.2756e-05 1.2756e-05 2.21759e-05
2.48106e-05 2.48106e-05 2.48106e-05 2.14205e-05 1.80304e-05 1.80304e-05 1.80304e-05 1.80304e-05 2.14205e-05 2.48106e-05 2.48106e-05 2.48106e-05 2.14205e-05 1.80304e-05 1.80304e-05 1.80304e-05 1.80304e-05 2.14205e-05
2.92226e-05 2.92226e-05 2.92226e-05 2.63061e-05 2.33895e-05 2.33895e-05 2.33895e-05 2.33895e-05 2.63061e-05 2.92226e-05 2.92226e-05 2.92226e-05 2.63061e-05 2.33895e-05 2.33895e-05 2.33895e-05 2.33895e-05 2.63061e-05
4.69861e-05 4.69861e-05 4.69861e-05 3.7132e-05 2.72779e-05 2.72779e-05 2.72779e-05 2.72779e-05 3.7132e-05 4.69861e-05 4.69861e-05 4.69861e-05 3.7132e-05 2.72779e-05 2.72779e-05 2.72779e-05 2.72779e-05 3.7132e-05
6.73229e-05 6.73229e-05 6.73229e-05 4.86405e-05 2.99581e-05 2.99581e-05 2.99581e-05 2.99581e-05 4.86405e-05 6.73229e-05 6.73229e-05 6.73229e-05 4.86405e-05 2.99581e-05 2.99581e-05 2.99581e-05 2.99581e-05 4.86405e-05
7.61219e-05 7.61219e-05 7.61219e-05 5.38082e-05 3.14945e-05 3.14945e-05 3.14945e-05 3.14945e-05 5.38082e-05 7.61219e-05 7.61219e-05 7.61219e-05 5.38082e-05 3.14945e-05 3.14945e-05 3.14945e-05 3.14945e-05 5.38082e-05
6.82709e-05 6.82709e-05 6.82709e-05 5.00095e-05 3.1748e-05 3.1748e-05 3.1748e-05 3.1748e-05 5.00095e-05 6.82709e-05 6.82709e-05 6.82709e-05 5.00095e-05 3.1748e-05 3.1748e-05 3.1748e-05 3.1748e-05 5.00095e-05
5.27675e-05 5.27675e-05 5.27675e-05 4.25145e-05 3.22615e-05 3.22615e-05 3.22615e-05 3.22615e-05 4.25145e-05 5.27675e-05 5.27675e-05 5.27675e-05 4.25145e-05 3.22615e-05 3.22615e-05 3.22615e-05 3.22615e-05 4.25145e-05
4.50122e-05 4.50122e-05 4.50122e-05 4.01678e-05 3.53233e-05 3.53233e-05 3.53233e-05 3.53233e-05 4.01678e-05 4.50122e-05 4.50122e-05 4.50122e-05 4.01678e-05 3.53233e-05 3.53233e-05 3.53233e-05 3.53233e-05 4.01678e-05
5.21656e-05 5.21656e-05 5.21656e-05 4.60382e-05 3.99107e-05 3.99107e-05 3.99107e-05 3.99107e-05 4.60382e-05 5.21656e-05 5.21656e-05 5.21656e-05 4.60382e-05 3.99107e-05 3.99107e-05 3.99107e-05 3.99107e-05 4.60382e-05
6.65621e-05 6.65621e-05 6.65621e-05 5.39102e-05 4.12584e-05 4.12584e-05 4.12584e-05 4.12584e-05 5.39102e-05 6.65621e-05 6.65621e-05 6.65621e-05 5.39102e-05 4.12584e-05 4.12584e-05 4.12584e-05 4.12584e-05 5.39102e-05
7.3182e-05 7.3182e-05 7.3182e-05 5.491e-05 3.6638e-05 3.6638e-05 3.6638e-05 3.6638e-05 5.491e-05 7.3182e-05 7.3182e-05 7.3182e-05 5.491e-05 3.6638e-05 3.6638e-05 3.6638e-05 3.6638e-05 5.491e-05
6.2859e-05 6.2859e-05 6.2859e-05 4.60677e-05 2.92763e-05 2.92763e-05 2.92763e-05 2.92763e-05 4.60677e-05 6.2859e-05 6.2859e-05 6.2859e-05 4.60677e-05 2.92763e-05 2.92763e-05 2.92763e-05 2.92763e-05 4.60677e-05
4.05155e-05 4.05155e-05 4.05155e-05 3.2781e-05 2.50464e-05 2.50464e-05 2.50464e-05 2.50464e-05 3.2781e-05 4.05155e-05 4.05155e-05 4.05155e-05 3.2781e-05 2.50464e-05 2.50464e-05 2.50464e-05 2.50464e-05 3.2781e-05
2.14457e-05 2.14457e-05 2.14457e-05 2.40567e-05 2.66677e-05 2.66677e-05 2.66677e-05 2.66677e-05 2.40567e-05 2.14457e-05 2.14457e-05 2.14457e-05 2.40567e-05 2.66677e-05 2.66677e-05 2.66677e-05 2.66677e-05 2.40567e-05
1.69494e-05 1.69494e-05 1.69494e-05 2.39228e-05 3.08961e-05 3.08961e-05 3.08961e-05 3.08961e-05 2.39228e-05 1.69494e-05 1.69494e-05 1.69494e-05 2.39228e-05 3.08961e-05 3.08961e-05 3.08961e-05 3.08961e-05 2.39228e-05
2.32181e-05 2.32181e-05 2.32181e-05 2.71812e-05 3.11442e-05 3.11442e-05 3.11442e-05 3.11442e-05 2.71812e-05 2.32181e-05 2.32181e-05 2.32181e-05 2.71812e-05 3.11442e-05 3.11442e-05 3.11442e-05 3.11442e-05 2.71812e-05
2.6556e-05 2.6556e-05 2.6556e-05 2.53606e-05 2.41651e-05 2.41651e-05 2.41651e-05 2.41651e-05 2.53606e-05 2.6556e-05 2.6556e-05 2.6556e-05 2.53606e-05 2.41651e-05 2.41651e-05 2.41651e-05 2.41651e-05 2.53606e-05
1.88871e-05 1.88871e-05 1.88871e-05 1.63364e-05 1.37858e-05 1.37858e-05 1.37858e-05 1.37858e-05 1.63364e-05 1.88871e-05 1.88871e-05 1.88871e-05 1.63364e-05 1.37858e-05 1.37858e-05 1.37858e-05 1.37858e-05 1.63364e-05
4.31987e-06 4.31987e-06 4.31987e-06 5.75033e-06 7.18079e-06 7.18079e-06 7.18079e-06 7.18079e-06 5.75033e-06 4.31987e-06 4.31987e-06 4.31987e-06 5.75033e-06 7.18079e-06 7.18079e-06 7.18079e-06 7.18079e-06 5.75033e-06
-9.40739e-06 -9.40739e-06 -9.40739e-06 -9.51678e-07 7.50403e-06 7.50403e-06 7.50403e-06 7.50403e-06 -9.51678e-07 -9.40739e-06 -9.40739e-06 -9.40739e-06 -9.51678e-07 7.50403e-06 7.50403e-06 7.50403e-06 7.50403e-06 -9.51678e-07
-1.92523e-05 -1.92523e-05 -1.92523e-05 -4.26702e-06 1.07183e-05 1.07183e-05 1.07183e-05 1.07183e-05 -4.26702e-06 -1.92523e-05 -1.92523e-05 -1.92523e-05 -4.26702e-06 1.07183e-05 1.07183e-05 1.07183e-05 1.07183e-05 -4.26702e-06
-2.52709e-05 -2.52709e-05 -2.52709e-05 -7.65271e-06 9.96544e-06 9.96544e-06 9.96544e-06 9.96544e-06 -7.65271e-06 -2.52709e-05 -2.52709e-05 -2.52709e-05 -7.65271e-06 9.96544e-06 9.96544e-06 9.96544e-06 9.96544e-06 -7.65271e-06
-2.839e-05 -2.839e-05 -2.839e-05 -1.31115e-05 2.16703e-06 2.16703e-06 2.16703e-06 2.16703e-06 -1.31115e-05 -2.839e-05 -2.839e-05 -2.839e-05 -1.31115e-05 2.16703e-06 2.16703e-06 2.16703e-06 2.16703e-06 -1.31115e-05
-3.26313e-05 -3.26313e-05 -3.26313e-05 -2.13045e-05 -9.97773e-06 -9.97773e-06 -9.97773e-06 -9.97773e-06 -2.13045e-05 -3.26313e-05 -3.26313e-05 -3.26313e-05 -2.13045e-05 -9.97773e-06 -9.97773e-06 -9.97773e-06 -9.97773e-06 -2.13045e-05
-4.34075e-05 -4.34075e-05 -4.34075e-05 -3.22016e-05 -2.09956e-05 -2.09956e-05 -2.09956e-05 -2.09956e-05 -3.22016e-05 -4.34075e-05 -4.34075e-05 -4.34075e-05 -3.22016e-05 -2.09956e-05 -2.09956e-05 -2.09956e-05 -2.09956e-05 -3.22016e-05
-5.89276e-05 -5.89276e-05 -5.89276e-05 -4.25615e-05 -2.61955e-05 -2.61955e-05 -2.61955e-05 -2.61955e-05 -4.25615e-05 -5.89276e-05 -5.89276e-05 -5.89276e-05 -4.25615e-05 -2.61955e-05 -2.61955e-05 -2.61955e-05 -2.61955e-05 -4.25615e-05
-6.85846e-05 -6.85846e-05 -6.85846e-05 -4.64692e-05 -2.43538e-05 -2.43538e-05 -2.43538e-05 -2.43538e-05 -4.64692e-05 -6.85846e-05 -6.85846e-05 -6.85846e-05 -4.64692e-05 -2.43538e-05 -2.43538e-05 -2.43538e-05 -2.43538e-05 -4.64692e-05
-6.63586e-05 -6.63586e-05 -6.63586e-05 -4.31336e-05 -1.99087e-05 -1.99087e-05 -1.99087e-05 -1.99087e-05 -4.31336e-05 -6.63586e-05 -6.63586e-05 -6.63586e-05 -4.31336e-05 -1.99087e-05 -1.99087e-05 -1.99087e-05 -1.99087e-05 -4.31336e-05
-5.91231e-05 -5.91231e-05 -5.91231e-05 -3.95922e-05 -2.00613e-05 -2.00613e-05 -2.00613e-05 -2.00613e-05 -3.95922e-05 -5.91231e-05 -5.91231e-05 -5.91231e-05 -3.95922e-05 -2.00613e-05 -2.00613e-05 -2.00613e-05 -2.00613e-05 -3.95922e-05
-5.53648e-05 -5.53648e-05 -5.53648e-05 -4.11183e-05 -2.68717e-05 -2.68717e-05 -2.68717e-05 -2.68717e-05 -4.11183e-05 -5.53648e-05 -5.53648e-05 -5.53648e-05 -4.11183e-05 -2.68717e-05 -2.68717e-05 -2.68717e-05 -2.68717e-05 -4.11183e-05
-5.53179e-05 -5.53179e-05 -5.53179e-05 -4.53405e-05 -3.5363e-05 -3.5363e-05 -3.5363e-05 -3.5363e-05 -4.53405e-05 -5.53179e-05 -5.53179e-05 -5.53179e-05 -4.53405e-05 -3.5363e-05 -3.5363e-05 -3.5363e-05 -3.5363e-05 -4.53405e-05
-5.66866e-05 -5.66866e-05 -5.66866e-05 -4.83706e-05 -4.00546e-05 -4.00546e-05 -4.00546e-05 -4.00546e-05 -4.83706e-05 -5.66866e-05 -5.66866e-05 -5.66866e-05 -4.83706e-05 -4.00546e-05 -4.00546e-05 -4.00546e-05 -4.00546e-05 -4.83706e-05
-5.92729e-05 -5.92729e-05 -5.92729e-05 -4.94222e-05 -3.95715e-05 -3.95715e-05 -3.95715e-05 -3.95715e-05 -4.94222e-05 -5.92729e-05 -5.92729e-05 -5.92729e-05 -4.94222e-05 -3.95715e-05 -3.95715e-05 -3.95715e-05 -3.95715e-05 -4.94222e-05
-6.1634e-05 -6.1634e-05 -6.1634e-05 -4.89082e-05 -3.61823e-05 -3.61823e-05 -3.61823e-05 -3.61823e-05 -4.89082e-05 -6.1634e-05 -6.1634e-05 -6.1634e-05 -4.89082e-05 -3.61823e-05 -3.61823e-05 -3.61823e-05 -3.61823e-05 -4.89082e-05
-6.155e-05 -6.155e-05 -6.155e-05 -4.80754e-05 -3.46007e-05 -3.46007e-05 -3.46007e-05 -3.46007e-05 -4.80754e-05 -6.155e-05 -6.155e-05 -6.155e-05 -4.80754e-05 -3.46007e-05 -3.46007e-05 -3.46007e-05 -3.46007e-05 -4.80754e-05
-5.99523e-05 -5.99523e-05 -5.99523e-05 -4.99656e-05 -3.99788e-05 -3.99788e-05 -3.99788e-05 -3.99788e-05 -4.99656e-05 -5.99523e-05 -5.99523e-05 -5.99523e-05 -4.99656e-05 -3.99788e-05 -3.99788e-05 -3.99788e-05 -3.99788e-05 -4.99656e-05
-5.97591e-05 -5.97591e-05 -5.97591e-05 -5.66039e-05 -5.34487e-05 -5.34487e-05 -5.34487e-05 -5.34487e-05 -5.66039e-05 -5.97591e-05 -5.97591e-05 -5.97591e-05 -5.66039e-05 -5.34487e-05 -5.34487e-05 -5.34487e-05 -5.34487e-05 -5.66039e-05
-6.11595e-05 -6.11595e-05 -6.11595e-05 -6.49419e-05 -6.87243e-05 -6.87243e-05 -6.87243e-05 -6.87243e-05 -6.49419e-05 -6.11595e-05 -6.11595e-05 -6.11595e-05 -6.49419e-05 -6.87243e-05 -6.87243e-05 -6.87243e-05 -6.87243e-05 -6.49419e-05
-6.05846e-05 -6.05846e-05 -6.05846e-05 -6.82838e-05 -7.59829e-05 -7.59829e-05 -7.59829e-05 -7.59829e-05 -6.82838e-05 -6.05846e-05 -6.05846e-05 -6.05846e-05 -6.82838e-05 -7.59829e-05 -7.59829e-05 -7.59829e-05 -7.59829e-05 -6.82838e-05
-5.60754e-05 -5.60754e-05 -5.60754e-05 -6.38384e-05 -7.16014e-05 -7.16014e-05 -7.16014e-05 -7.16014e-05 -6.38384e-05 -5.60754e-05 -5.60754e-05 -5.60754e-05 -6.38384e-05 -7.16014e-05 -7.16014e-05 -7.16014e-05 -7.16014e-05 -6.38384e-05
-4.98823e-05 -4.98823e-05 -4.98823e-05 -5.55508e-05 -6.12192e-05 -6.12192e-05 -6.12192e-05 -6.12192e-05 -5.55508e-05 -4.98823e-05 -4.98823e-05 -4.98823e-05 -5.55508e-05 -6.12192e-05 -6.12192e-05 -6.12192e-05 -6.12192e-05 -5.55508e-05
-4.32382e-05 -4.32382e-05 -4.32382e-05 -4.77173e-05 -5.21963e-05 -5.21963e-05 -5.21963e-05 -5.21963e-05 -4.77173e-05 -4.32382e-05 -4.32382e-05 -4.32382e-05 -4.77173e-05 -5.21963e-05 -5.21963e-05 -5.21963e-05 -5.21963e-05 -4.77173e-05
-3.51748e-05 -3.51748e-05 -3.51748e-05 -4.15436e-05 -4.79124e-05 -4.79124e-05 -4.79124e-05 -4.79124e-05 -4.15436e-05 -3.51748e-05 -3.51748e-05 -3.51748e-05 -4.15436e-05 -4.79124e-05 -4.79124e-05 -4.79124e-05 -4.79124e-05 -4.15436e-05
-2.75112e-05 -2.75112e-05 -2.75112e-05 -3.84688e-05 -4.94264e-05 -4.94264e-05 -4.94264e-05 -4.94264e-05 -3.84688e-05 -2.75112e-05 -2.75112e-05 -2.75112e-05 -3.84688e-05 -4.94264e-05 -4.94264e-05 -4.94264e-05 -4.94264e-05 -3.84688e-05
-2.32141e-05 -2.32141e-05 -2.32141e-05 -3.96766e-05 -5.6139e-05 -5.6139e-05 -5.6139e-05 -5.6139e-05 -3.96766e-05 -2.32141e-05 -2.32141e-05 -2.32141e-05 -3.96766e-05 -5.6139e-05 -5.6139e-05 -5.6139e-05 -5.6139e-05 -3.96766e-05
-1.95184e-05 -1.95184e-05 -1.95184e-05 -4.09173e-05 -6.23163e-05 -6.23163e-05 -6.23163e-05 -6.23163e-05 -4.09173e-05 -1.95184e-05 -1.95184e-05 -1.95184e-05 -4.09173e-05 -6.23163e-05 -6.23163e-05 -6.23163e-05 -6.23163e-05 -4.09173e-05
-1.02094e-05 -1.02094e-05 -1.02094e-05 -3.47203e-05 -5.92313e-05 -5.92313e-05 -5.92313e-05 -5.92313e-05 -3.47203e-05 -1.02094e-05 -1.02094e-05 -1.02094e-05 -3.47203e-05 -5.92313e-05 -5.92313e-05 -5.92313e-05 -5.92313e-05 -3.47203e-05
4.84819e-06 4.84819e-06 4.84819e-06 -2.03386e-05 -4.55254e-05 -4.55254e-05 -4.55254e-05 -4.55254e-05 -2.03386e-05 4.84819e-06 4.84819e-06 4.84819e-06 -2.03386e-05 -4.55254e-05 -4.55254e-05 -4.55254e-05 -4.55254e-05 -2.03386e-05
1.85841e-05 1.85841e-05 1.85841e-05 -5.98155e-06 -3.05472e-05 -3.05472e-05 -3.05472e-05 -3.05472e-05 -5.98155e-06 1.85841e-05 1.85841e-05 1.85841e-05 -5.98155e-06 -3.05472e-05 -3.05472e-05 -3.05472e-05 -3.05472e-05 -5.98155e-06
2.58992e-05 2.58992e-05 2.58992e-05 1.61712e-06 -2.2665e-05 -2.2665e-05 -2.2665e-05 -2.2665e-05 1.61712e-06 2.58992e-05 2.58992e-05 2.58992e-05 1.61712e-06 -2.2665e-05 -2.2665e-05 -2.2665e-05 -2.2665e-05 1.61712e-06
3.07585e-05 3.07585e-05 3.07585e-05 6.22216e-06 -1.83142e-05 -1.83142e-05 -1.83142e-05 -1.83142e-05 6.22216e-06 3.07585e-05 3.07585e-05 3.07585e-05 6.22216e-06 -1.83142e-05 -1.83142e-05 -1.83142e-05 -1.83142e-05 6.22216e-06
4.16234e-05 4.16234e-05 4.16234e-05 1.68412e-05 -7.94104e-06 -7.94104e-06 -7.94104e-06 -7.94104e-06 1.68412e-05 4.16234e-05 4.16234e-05 4.16234e-05 1.68412e-05 -7.94104e-06 -7.94104e-06 -7.94104e-06 -7.94104e-06 1.68412e-05
6.00522e-05 6.00522e-05 6.00522e-05 3.50357e-05 1.00192e-05 1.00192e-05 1.00192e-05 1.00192e-05 3.50357e-05 6.00522e-05 6.00522e-05 6.00522e-05 3.50357e-05 1.00192e-05 1.00192e-05 1.00192e-05 1.00192e-05 3.50357e-05
7.70559e-05 7.70559e-05 7.70559e-05 5.19925e-05 2.69291e-05 2.69291e-05 2.69291e-05 2.69291e-05 5.19925e-05 7.70559e-05 7.70559e-05 7.70559e-05 5.19925e-05 2.69291e-05 2.69291e-05 2.69291e-05 2.69291e-05 5.19925e-05
8.249e-05 8.249e-05 8.249e-05 5.90276e-05 3.55651e-05 3.55651e-05 3.55651e-05 3.55651e-05 5.90276e-05 8.249e-05 8.249e-05 8.249e-05 5.90276e-05 3.55651e-05 3.55651e-05 3.55651e-05 3.55651e-05 5.90276e-05
7.66562e-05 7.66562e-05 7.66562e-05 5.74766e-05 3.82969e-05 3.82969e-05 3.82969e-05 3.82969e-05 5.74766e-05 7.66562e-05 7.66562e-05 7.66562e-05 5.74766e-05 3.82969e-05 3.82969e-05 3.82969e-05 3.82969e-05 5.74766e-05
6.93252e-05 6.93252e-05 6.93252e-05 5.49932e-05 4.06613e-05 4.06613e-05 4.06613e-05 4.06613e-05 5.49932e-05 6.93252e-05 6.93252e-05 6.93252e-05 5.49932e-05 4.06613e-05 4.06613e-05 4.06613e-05 4.06613e-05 5.49932e-05
6.70099e-05 6.70099e-05 6.70099e-05 5.48104e-05 4.2611e-05 4.2611e-05 4.2611e-05 4.2611e-05 5.48104e-05 6.70099e-05 6.70099e-05 6.70099e-05 5.48104e-05 4.2611e-05 4.2611e-05 4.2611e-05 4.2611e-05 5.48104e-05
6.69685e-05 6.69685e-05 6.69685e-05 5.4245e-05 4.15214e-05 4.15214e-05 4.15214e-05 4.15214e-05 5.4245e-05 6.69685e-05 6.69685e-05 6.69685e-05 5.4245e-05 4.15214e-05 4.15214e-05 4.15214e-05 4.15214e-05 5.4245e-05
6.45372e-05 6.45372e-05 6.45372e-05 5.19174e-05 3.92975e-05 3.92975e-05 3.92975e-05 3.92975e-05 5.19174e-05 6.45372e-05 6.45372e-05 6.45372e-05 5.19174e-05 3.92975e-05 3.92975e-05 3.92975e-05 3.92975e-05 5.19174e-05
5.85196e-05 5.85196e-05 5.85196e-05 4.95901e-05 4.06607e-05 4.06607e-05 4.06607e-05 4.06607e-05 4.95901e-05 5.85196e-05 5.85196e-05 5.85196e-05 4.95901e-05 4.06607e-05 4.06607e-05 4.06607e-05 4.06607e-05 4.95901e-05
4.91295e-05 4.91295e-05 4.91295e-05 4.78509e-05 4.65724e-05 4.65724e-05 4.65724e-05 4.65724e-05 4.78509e-05 4.91295e-05 4.91295e-05 4.91295e-05 4.78509e-05 4.65724e-05 4.65724e-05 4.65724e-05 4.65724e-05 4.78509e-05
3.78055e-05 3.78055e-05 3.78055e-05 4.58616e-05 5.39177e-05 5.39177e-05 5.39177e-05 5.39177e-05 4.58616e-05 3.78055e-05 3.78055e-05 3.78055e-05 4.58616e-05 5.39177e-05 5.39177e-05 5.39177e-05 5.39177e-05 4.58616e-05
2.83854e-05 2.83854e-05 2.83854e-05 4.41274e-05 5.98693e-05 5.98693e-05 5.98693e-05 5.98693e-05 4.41274e-05 2.83854e-05 2.83854e-05 2.83854e-05 4.41274e-05 5.98693e-05 5.98693e-05 5.98693e-05 5.98693e-05 4.41274e-05
2.36215e-05 2.36215e-05 2.36215e-05 4.27679e-05 6.19142e-05 6.19142e-05 6.19142e-05 6.19142e-05 4.27679e-05 2.36215e-05 2.36215e-05 2.36215e-05 4.27679e-05 6.19142e-05 6.19142e-05 6.19142e-05 6.19142e-05 4.27679e-05
2.03845e-05 2.03845e-05 2.03845e-05 3.82629e-05 5.61413e-05 5.61413e-05 5.61413e-05 5.61413e-05 3.82629e-05 2.03845e-05 2.03845e-05 2.03845e-05 3.82629e-05 5.61413e-05 5.61413e-05 5.61413e-05 5.61413e-05 3.82629e-05
1.16565e-05 1.16565e-05 1.16565e-05 2.70477e-05 4.24389e-05 4.24389e-05 4.24389e-05 4.24389e-05 2.70477e-05 1.16565e-05 1.16565e-05 1.16565e-05 2.70477e-05 4.24389e-05 4.24389e-05 4.24389e-05 4.24389e-05 2.70477e-05
-4.75501e-06 -4.75501e-06 -4.75501e-06 1.24825e-05 2.97199e-05 2.97199e-05 2.97199e-05 2.97199e-05 1.24825e-05 -4.75501e-06 -4.75501e-06 -4.75501e-06 1.24825e-05 2.97199e-05 2.97199e-05 2.97199e-05 2.97199e-05 1.24825e-05
-2.32695e-05 -2.32695e-05 -2.32695e-05 2.25375e-06 2.7777e-05 2.7777e-05 2.7777e-05 2.7777e-05 2.25375e-06 -2.32695e-05 -2.32695e-05 -2.32695e-05 2.25375e-06 2.7777e-05 2.7777e-05 2.7777e-05 2.7777e-05 2.25375e-06
-3.78263e-05 -3.78263e-05 -3.78263e-05 -1.83696e-06 3.41524e-05 3.41524e-05 3.41524e-05 3.41524e-05 -1.83696e-06 -3.78263e-05 -3.78263e-05 -3.78263e-05 -1.83696e-06 3.41524e-05 3.41524e-05 3.41524e-05 3.41524e-05 -1.83696e-06
-4.62465e-05 -4.62465e-05 -4.62465e-05 -4.86024e-06 3.6526e-05 3.6526e-05 3.6526e-05 3.6526e-05 -4.86024e-06 -4.62465e-05 -4.62465e-05 -4.62465e-05 -4.86024e-06 3.6526e-05 3.6526e-05 3.6526e-05 3.6526e-05 -4.86024e-06
-4.75654e-05 -4.75654e-05 -4.75654e-05 -9.28393e-06 2.89975e-05 2.89975e-05 2.89975e-05 2.89975e-05 -9.28393e-06 -4.75654e-05 -4.75654e-05 -4.75654e-05 -9.28393e-06 2.89975e-05 2.89975e-05 2.89975e-05 2.89975e-05 -9.28393e-06
-4.32988e-05 -4.32988e-05 -4.32988e-05 -1.23286e-05 1.86416e-05 1.86416e-05 1.86416e-05 1.86416e-05 -1.23286e-05 -4.32988e-05 -4.32988e-05 -4.32988e-05 -1.23286e-05 1.86416e-05 1.86416e-05 1.86416e-05 1.86416e-05 -1.23286e-05
-4.15425e-05 -4.15425e-05 -4.15425e-05 -1.41037e-05 1.3335e-05 1.3335e-05 1.3335e-05 1.3335e-05 -1.41037e-05 -4.15425e-05 -4.15425e-05 -4.15425e-05 -1.41037e-05 1.3335e-05 1.3335e-05 1.3335e-05 1.3335e-05 -1.41037e-05
-5.08105e-05 -5.08105e-05 -5.08105e-05 -1.94797e-05 1.18511e-05 1.18511e-05 1.18511e-05 1.18511e-05 -1.94797e-05 -5.08105e-05 -5.08105e-05 -5.08105e-05 -1.94797e-05 1.18511e-05 1.18511e-05 1.18511e-05 1.18511e-05 -1.94797e-05
-6.80491e-05 -6.80491e-05 -6.80491e-05 -2.91558e-05 9.73753e-06 9.73753e-06 9.73753e-06 9.73753e-06 -2.91558e-05 -6.80491e-05 -6.80491e-05 -6.80491e-05 -2.91558e-05 9.73753e-06 9.73753e-06 9.73753e-06 9.73753e-06 -2.91558e-05
-8.00134e-05 -8.00134e-05 -8.00134e-05 -3.75178e-05 4.97785e-06 4.97785e-06 4.97785e-06 4.97785e-06 -3.75178e-05 -8.00134e-05 -8.00134e-05 -8.00134e-05 -3.75178e-05 4.97785e-06 4.97785e-06 4.97785e-06 4.97785e-06 -3.75178e-05
-7.86794e-05 -7.86794e-05 -7.86794e-05 -4.20779e-05 -5.47652e-06 -5.47652e-06 -5.47652e-06 -5.47652e-06 -4.20779e-05 -7.86794e-05 -7.86794e-05 -7.86794e-05 -4.20779e-05 -5.47652e-06 -5.47652e-06 -5.47652e-06 -5.47652e-06 -4.20779e-05
-7.10668e-05 -7.10668e-05 -7.10668e-05 -4.80204e-05 -2.4974e-05 -2.4974e-05 -2.4974e-05 -2.4974e-05 -4.80204e-05 -7.10668e-05 -7.10668e-05 -7.10668e-05 -4.80204e-05 -2.4974e-05 -2.4974e-05 -2.4974e-05 -2.4974e-05 -4.80204e-05
-7.05642e-05 -7.05642e-05 -7.05642e-05 -5.97404e-05 -4.89166e-05 -4.89166e-05 -4.89166e-05 -4.89166e-05 -5.97404e-05 -7.05642e-05 -7.05642e-05 -7.05642e-05 -5.97404e-05 -4.89166e-05 -4.89166e-05 -4.89166e-05 -4.89166e-05 -5.97404e-05
-8.05183e-05 -8.05183e-05 -8.05183e-05 -7.21715e-05 -6.38248e-05 -6.38248e-05 -6.38248e-05 -6.38248e-05 -7.21715e-05 -8.05183e-05 -8.05183e-05 -8.05183e-05 -7.21715e-05 -6.38248e-05 -6.38248e-05 -6.38248e-05 -6.38248e-05 -7.21715e-05
-9.19684e-05 -9.19684e-05 -9.19684e-05 -7.65562e-05 -6.11441e-05 -6.11441e-05 -6.11441e-05 -6.11441e-05 -7.65562e-05 -9.19684e-05 -9.19684e-05 -9.19684e-05 -7.65562e-05 -6.11441e-05 -6.11441e-05 -6.11441e-05 -6.11441e-05 -7.65562e-05
-9.56402e-05 -9.56402e-05 -9.56402e-05 -7.25506e-05 -4.94609e-05 -4.94609e-05 -4.94609e-05 -4.94609e-05 -7.25506e-05 -9.56402e-05 -9.56402e-05 -9.56402e-05 -7.25506e-05 -4.94609e-05 -4.94609e-05 -4.94609e-05 -4.94609e-05 -7.25506e-05
-8.95514e-05 -8.95514e-05 -8.95514e-05 -6.77118e-05 -4.58722e-05 -4.58722e-05 -4.58722e-05 -4.58722e-05 -6.77118e-05 -8.95514e-05 -8.95514e-05 -8.95514e-05 -6.77118e-05 -4.58722e-05 -4.58722e-05 -4.58722e-05 -4.58722e-05 -6.77118e-05
-7.66773e-05 -7.66773e-05 -7.66773e-05 -6.67689e-05 -5.68605e-05 -5.68605e-05 -5.68605e-05 -5.68605e-05 -6.67689e-05 -7.66773e-05 -7.66773e-05 -7.66773e-05 -6.67689e-05 -5.68605e-05 -5.68605e-05 -5.68605e-05 -5.68605e-05 -6.67689e-05
-6.21298e-05 -6.21298e-05 -6.21298e-05 -6.81448e-05 -7.41597e-05 -7.41597e-05 -7.41597e-05 -7.41597e-05 -6.81448e-05 -6.21298e-05 -6.21298e-05 -6.21298e-05 -6.81448e-05 -7.41597e-05 -7.41597e-05 -7.41597e-05 -7.41597e-05 -6.81448e-05
-5.37621e-05 -5.37621e-05 -5.37621e-05 -7.07176e-05 -8.76731e-05 -8.76731e-05 -8.76731e-05 -8.76731e-05 -7.07176e-05 -5.37621e-05 -5.37621e-05 -5.37621e-05 -7.07176e-05 -8.76731e-05 -8.76731e-05 -8.76731e-05 -8.76731e-05 -7.07176e-05
-5.6947e-05 -5.6947e-05 -5.6947e-05 -7.57989e-05 -9.46507e-05 -9.46507e-05 -9.46507e-05 -9.46507e-05 -7.57989e-05 -5.6947e-05 -5.6947e-05 -5.6947e-05 -7.57989e-05 -9.46507e-05 -9.46507e-05 -9.46507e-05 -9.46507e-05 -7.57989e-05
-6.48946e-05 -6.48946e-05 -6.48946e-05 -8.07813e-05 -9.6668e-05 -9.6668e-05 -9.6668e-05 -9.6668e-05 -8.07813e-05 -6.48946e-05 -6.48946e-05 -6.48946e-05 -8.07813e-05 -9.6668e-05 -9.6668e-05 -9.6668e-05 -9.6668e-05 -8.07813e-05
-6.41746e-05 -6.41746e-05 -6.41746e-05 -8.05367e-05 -9.68987e-05 -9.68987e-05 -9.68987e-05 -9.68987e-05 -8.05367e-05 -6.41746e-05 -6.41746e-05 -6.41746e-05 -8.05367e-05 -9.68987e-05 -9.68987e-05 -9.68987e-05 -9.68987e-05 -8.05367e-05
-5.27223e-05 -5.27223e-05 -5.27223e-05 -7.68805e-05 -0.000101039 -0.000101039 -0.000101039 -0.000101039 -7.68805e-05 -5.27223e-05 -5.27223e-05 -5.27223e-05 -7.68805e-05 -0.000101039 -0.000101039 -0.000101039 -0.000101039 -7.68805e-05
-4.20099e-05 -4.20099e-05 -4.20099e-05 -7.70706e-05 -0.000112131 -0.000112131 -0.000112131 -0.000112131 -7.70706e-05 -4.20099e-05 -4.20099e-05 -4.20099e-05 -7.70706e-05 -0.000112131 -0.000112131 -0.000112131 -0.000112131 -7.70706e-05
-4.00549e-05 -4.00549e-05 -4.00549e-05 -8.15477e-05 -0.00012304 -0.00012304 -0.00012304 -0.00012304 -8.15477e-05 -4.00549e-05 -4.00549e-05 -4.00549e-05 -8.15477e-05 -0.00012304 -0.00012304 -0.00012304 -0.00012304 -8.15477e-05
-4.24253e-05 -4.24253e-05 -4.24253e-05 -8.21256e-05 -0.000121826 -0.000121826 -0.000121826 -0.000121826 -8.21256e-05 -4.24253e-05 -4.24253e-05 -4.24253e-05 -8.21256e-05 -0.000121826 -0.000121826 -0.000121826 -0.000121826 -8.21256e-05
-4.0926e-05 -4.0926e-05 -4.0926e-05 -7.39399e-05 -0.000106954 -0.000106954 -0.000106954 -0.000106954 -7.39399e-05 -4.0926e-05 -4.0926e-05 -4.0926e-05 -7.39399e-05 -0.000106954 -0.000106954 -0.000106954 -0.000106954 -7.39399e-05
-3.2664e-05 -3.2664e-05 -3.2664e-05 -6.18838e-05 -9.11037e-05 -9.11037e-05 -9.11037e-05 -9.11037e-05 -6.18838e-05 -3.2664e-05 -3.2664e-05 -3.2664e-05 -6.18838e-05 -9.11037e-05 -9.11037e-05 -9.11037e-05 -9.11037e-05 -6.18838e-05
-1.93119e-05 -1.93119e-05 -1.93119e-05 -5.29892e-05 -8.66665e-05 -8.66665e-05 -8.66665e-05 -8.66665e-05 -5.29892e-05 -1.93119e-05 -1.93119e-05 -1.93119e-05 -5.29892e-05 -8.66665e-05 -8.66665e-05 -8.66665e-05 -8.66665e-05 -5.29892e-05
-4.49951e-06 -4.49951e-06 -4.49951e-06 -4.84343e-05 -9.23691e-05 -9.23691e-05 -9.23691e-05 -9.23691e-05 -4.84343e-05 -4.49951e-06 -4.49951e-06 -4.49951e-06 -4.84343e-05 -9.23691e-05 -9.23691e-05 -9.23691e-05 -9.23691e-05 -4.84343e-05
4.32779e-06 4.32779e-06 4.32779e-06 -4.70958e-05 -9.85193e-05 -9.85193e-05 -9.85193e-05 -9.85193e-05 -4.70958e-05 4.32779e-06 4.32779e-06 4.32779e-06 -4.70958e-05 -9.85193e-05 -9.85193e-05 -9.85193e-05 -9.85193e-05 -4.70958e-05
8.62079e-07 8.62079e-07 8.62079e-07 -4.87505e-05 -9.8363e-05 -9.8363e-05 -9.8363e-05 -9.8363e-05 -4.87505e-05 8.62079e-07 8.62079e-07 8.62079e-07 -4.87505e-05 -9.8363e-05 -9.8363e-05 -9.8363e-05 -9.8363e-05 -4.87505e-05
-7.49311e-06 -7.49311e-06 -7.49311e-06 -4.83122e-05 -8.91313e-05 -8.91313e-05 -8.91313e-05 -8.91313e-05 -4.83122e-05 -7.49311e-06 -7.49311e-06 -7.49311e-06 -4.83122e-05 -8.91313e-05 -8.91313e-05 -8.91313e-05 -8.91313e-05 -4.83122e-05
-4.89423e-06 -4.89423e-06 -4.89423e-06 -3.78656e-05 -7.08371e-05 -7.08371e-05 -7.08371e-05 -7.08371e-05 -3.78656e-05 -4.89423e-06 -4.89423e-06 -4.89423e-06 -3.78656e-05 -7.08371e-05 -7.08371e-05 -7.08371e-05 -7.08371e-05 -3.78656e-05
1.18661e-05 1.18661e-05 1.18661e-05 -1.85931e-05 -4.90522e-05 -4.90522e-05 -4.90522e-05 -4.90522e-05 -1.85931e-05 1.18661e-05 1.18661e-05 1.18661e-05 -1.85931e-05 -4.90522e-05 -4.90522e-05 -4.90522e-05 -4.90522e-05 -1.85931e-05
2.99902e-05 2.99902e-05 2.99902e-05 -1.33599e-06 -3.26622e-05 -3.26622e-05 -3.26622e-05 -3.26622e-05 -1.33599e-06 2.99902e-05 2.99902e-05 2.99902e-05 -1.33599e-06 -3.26622e-05 -3.26622e-05 -3.26622e-05 -3.26622e-05 -1.33599e-06
3.76283e-05 3.76283e-05 3.76283e-05 6.5653e-06 -2.44977e-05 -2.44977e-05 -2.44977e-05 -2.44977e-05 6.5653e-06 3.76283e-05 3.76283e-05 3.76283e-05 6.5653e-06 -2.44977e-05 -2.44977e-05 -2.44977e-05 -2.44977e-05 6.5653e-06
3.60189e-05 3.60189e-05 3.60189e-05 9.58e-06 -1.68589e-05 -1.68589e-05 -1.68589e-05 -1.68589e-05 9.58e-06 3.60189e-05 3.60189e-05 3.60189e-05 9.58e-06 -1.68589e-05 -1.68589e-05 -1.68589e-05 -1.68589e-05 9.58e-06
3.57393e-05 3.57393e-05 3.57393e-05 1.74482e-05 -8.42992e-07 -8.42992e-07 -8.42992e-07 -8.42992e-07 1.74482e-05 3.57393e-05 3.57393e-05 3.57393e-05 1.74482e-05 -8.42992e-07 -8.42992e-07 -8.42992e-07 -8.42992e-07 1.74482e-05
4.3832e-05 4.3832e-05 4.3832e-05 3.25951e-05 2.13582e-05 2.13582e-05 2.13582e-05 2.13582e-05 3.25951e-05 4.3832e-05 4.3832e-05 4.3832e-05 3.25951e-05 2.13582e-05 2.13582e-05 2.13582e-05 2.13582e-05 3.25951e-05
5.57575e-05 5.57575e-05 5.57575e-05 4.70771e-05 3.83967e-05 3.83967e-05 3.83967e-05 3.83967e-05 4.70771e-05 5.57575e-05 5.57575e-05 5.57575e-05 4.70771e-05 3.83967e-05 3.83967e-05 3.83967e-05 3.83967e-05 4.70771e-05
6.12032e-05 6.12032e-05 6.12032e-05 5.26362e-05 4.40693e-05 4.40693e-05 4.40693e-05 4.40693e-05 5.26362e-05 6.12032e-05 6.12032e-05 6.12032e-05 5.26362e-05 4.40693e-05 4.40693e-05 4.40693e-05 4.40693e-05 5.26362e-05
5.50743e-05 5.50743e-05 5.50743e-05 5.00213e-05 4.49682e-05 4.49682e-05 4.49682e-05 4.49682e-05 5.00213e-05 5.50743e-05 5.50743e-05 5.50743e-05 5.00213e-05 4.49682e-05 4.49682e-05 4.49682e-05 4.49682e-05 5.00213e-05
3.95319e-05 3.95319e-05 3.95319e-05 4.49087e-05 5.02855e-05 5.02855e-05 5.02855e-05 5.02855e-05 4.49087e-05 3.95319e-05 3.95319e-05 3.95319e-05 4.49087e-05 5.02855e-05 5.02855e-05 5.02855e-05 5.02855e-05 4.49087e-05
1.9751e-05 1.9751e-05 1.9751e-05 3.93671e-05 5.89831e-05 5.89831e-05 5.89831e-05 5.89831e-05 3.93671e-05 1.9751e-05 1.9751e-05 1.9751e-05 3.93671e-05 5.89831e-05 5.89831e-05 5.89831e-05 5.89831e-05 3.93671e-05
2.91099e-06 2.91099e-06 2.91099e-06 3.35997e-05 6.42884e-05 6.42884e-05 6.42884e-05 6.42884e-05 3.35997e-05 2.91099e-06 2.91099e-06 2.91099e-06 3.35997e-05 6.42884e-05 6.42884e-05 6.42884e-05 6.42884e-05 3.35997e-05
-3.39896e-06 -3.39896e-06 -3.39896e-06 3.10972e-05 6.55933e-05 6.55933e-05 6.55933e-05 6.55933e-05 3.10972e-05 -3.39896e-06 -3.39896e-06 -3.39896e-06 3.10972e-05 6.55933e-05 6.55933e-05 6.55933e-05 6.55933e-05 3.10972e-05
1.13573e-06 1.13573e-06 1.13573e-06 3.42854e-05 6.74351e-05 6.74351e-05 6.74351e-05 6.74351e-05 3.42854e-05 1.13573e-06 1.13573e-06 1.13573e-06 3.42854e-05 6.74351e-05 6.74351e-05 6.74351e-05 6.74351e-05 3.42854e-05
5.99902e-06 5.99902e-06 5.99902e-06 3.84849e-05 7.09707e-05 7.09707e-05 7.09707e-05 7.09707e-05 3.84849e-05 5.99902e-06 5.99902e-06 5.99902e-06 3.84849e-05 7.09707e-05 7.09707e-05 7.09707e-05 7.09707e-05 3.84849e-05
1.39676e-06 1.39676e-06 1.39676e-06 3.78788e-05 7.43608e-05 7.43608e-05 7.43608e-05 7.43608e-05 3.78788e-05 1.39676e-06 1.39676e-06 1.39676e-06 3.78788e-05 7.43608e-05 7.43608e-05 7.43608e-05 7.43608e-05 3.78788e-05
-9.09284e-06 -9.09284e-06 -9.09284e-06 3.46582e-05 7.84092e-05 7.84092e-05 7.84092e-05 7.84092e-05 3.46582e-05 -9.09284e-06 -9.09284e-06 -9.09284e-06 3.46582e-05 7.84092e-05 7.84092e-05 7.84092e-05 7.84092e-05 3.46582e-05
-1.51907e-05 -1.51907e-05 -1.51907e-05 3.4445e-05 8.40807e-05 8.40807e-05 8.40807e-05 8.40807e-05 3.4445e-05 -1.51907e-05 -1.51907e-05 -1.51907e-05 3.4445e-05 8.40807e-05 8.40807e-05 8.40807e-05 8.40807e-05 3.4445e-05
-1.35961e-05 -1.35961e-05 -1.35961e-05 3.70486e-05 8.76933e-05 8.76933e-05 8.76933e-05 8.76933e-05 3.70486e-05 -1.35961e-05 -1.35961e-05 -1.35961e-05 3.70486e-05 8.76933e-05 8.76933e-05 8.76933e-05 8.76933e-05 3.70486e-05
-7.39705e-06 -7.39705e-06 -7.39705e-06 3.94984e-05 8.63939e-05 8.63939e-05 8.63939e-05 8.63939e-05 3.94984e-05 -7.39705e-06 -7.39705e-06 -7.39705e-06 3.94984e-05 8.63939e-05 8.63939e-05 8.63939e-05 8.63939e-05 3.94984e-05
-8.86595e-07 -8.86595e-07 -8.86595e-07 4.17466e-05 8.43798e-05 8.43798e-05 8.43798e-05 8.43798e-05 4.17466e-05 -8.86595e-07 -8.86595e-07 -8.86595e-07 4.17466e-05 8.43798e-05 8.43798e-05 8.43798e-05 8.43798e-05 4.17466e-05
-7.95473e-07 -7.95473e-07 -7.95473e-07 4.26274e-05 8.60503e-05 8.60503e-05 8.60503e-05 8.60503e-05 4.26274e-05 -7.95473e-07 -7.95473e-07 -7.95473e-07 4.26274e-05 8.60503e-05 8.60503e-05 8.60503e-05 8.60503e-05 4.26274e-05
-1.2091e-05 -1.2091e-05 -1.2091e-05 3.76596e-05 8.74102e-05 8.74102e-05 8.74102e-05 8.74102e-05 3.76596e-05 -1.2091e-05 -1.2091e-05 -1.2091e-05 3.76596e-05 8.74102e-05 8.74102e-05 8.74102e-05 8.74102e-05 3.76596e-05
-2.80464e-05 -2.80464e-05 -2.80464e-05 2.68226e-05 8.16916e-05 8.16916e-05 8.16916e-05 8.16916e-05 2.68226e-05 -2.80464e-05 -2.80464e-05 -2.80464e-05 2.68226e-05 8.16916e-05 8.16916e-05 8.16916e-05 8.16916e-05 2.68226e-05
-3.3202e-05 -3.3202e-05 -3.3202e-05 1.83986e-05 6.99992e-05 6.99992e-05 6.99992e-05 6.99992e-05 1.83986e-05 -3.3202e-05 -3.3202e-05 -3.3202e-05 1.83986e-05 6.99992e-05 6.99992e-05 6.99992e-05 6.99992e-05 1.83986e-05
-2.16108e-05 -2.16108e-05 -2.16108e-05 1.87817e-05 5.91742e-05 5.91742e-05 5.91742e-05 5.91742e-05 1.87817e-05 -2.16108e-05 -2.16108e-05 -2.16108e-05 1.87817e-05 5.91742e-05 5.91742e-05 5.91742e-05 5.91742e-05 1.87817e-05
-5.44221e-06 -5.44221e-06 -5.44221e-06 2.32126e-05 5.18673e-05 5.18673e-05 5.18673e-05 5.18673e-05 2.32126e-05 -5.44221e-06 -5.44221e-06 -5.44221e-06 2.32126e-05 5.18673e-05 5.18673e-05 5.18673e-05 5.18673e-05 2.32126e-05
2.10043e-06 2.10043e-06 2.10043e-06 2.41527e-05 4.62049e-05 4.62049e-05 4.62049e-05 4.62049e-05 2.41527e-05 2.10043e-06 2.10043e-06 2.10043e-06 2.41527e-05 4.62049e-05 4.62049e-05 4.62049e-05 4.62049e-05 2.41527e-05
3.43567e-06 3.43567e-06 3.43567e-06 2.27783e-05 4.2121e-05 4.2121e-05 4.2121e-05 4.2121e-05 2.27783e-05 3.43567e-06 3.43567e-06 3.43567e-06 2.27783e-05 4.2121e-05 4.2121e-05 4.2121e-05 4.2121e-05 2.27783e-05
7.79466e-06 7.79466e-06 7.79466e-06 2.42291e-05 4.06636e-05 4.06636e-05 4.06636e-05 4.06636e-05 2.42291e-05 7.79466e-06 7.79466e-06 7.79466e-06 2.42291e-05 4.06636e-05 4.06636e-05 4.06636e-05 4.06636e-05 2.42291e-05
1.71814e-05 1.71814e-05 1.71814e-05 2.82839e-05 3.93865e-05 3.93865e-05 3.93865e-05 3.93865e-05 2.82839e-05 1.71814e-05 1.71814e-05 1.71814e-05 2.82839e-05 3.93865e-05 3.93865e-05 3.93865e-05 3.93865e-05 2.82839e-05
2.81895e-05 2.81895e-05 2.81895e-05 3.13141e-05 3.44388e-05 3.44388e-05 3.44388e-05 3.44388e-05 3.13141e-05 2.81895e-05 2.81895e-05 2.81895e-05 3.13141e-05 3.44388e-05 3.44388e-05 3.44388e-05 3.44388e-05 3.13141e-05
3.89181e-05 3.89181e-05 3.89181e-05 3.30774e-05 2.72366e-05 2.72366e-05 2.72366e-05 2.72366e-05 3.30774e-05 3.89181e-05 3.89181e-05 3.89181e-05 3.30774e-05 2.72366e-05 2.72366e-05 2.72366e-05 2.72366e-05 3.30774e-05
4.81202e-05 4.81202e-05 4.81202e-05 3.55914e-05 2.30626e-05 2.30626e-05 2.30626e-05 2.30626e-05 3.55914e-05 4.81202e-05 4.81202e-05 4.81202e-05 3.55914e-05 2.30626e-05 2.30626e-05 2.30626e-05 2.30626e-05 3.55914e-05
5.1325e-05 5.1325e-05 5.1325e-05 3.59957e-05 2.06663e-05 2.06663e-05 2.06663e-05 2.06663e-05 3.59957e-05 5.1325e-05 5.1325e-05 5.1325e-05 3.59957e-05 2.06663e-05 2.06663e-05 2.06663e-05 2.06663e-05 3.59957e-05
4.52773e-05 4.52773e-05 4.52773e-05 2.82611e-05 1.1245e-05 1.1245e-05 1.1245e-05 1.1245e-05 2.82611e-05 4.52773e-05 4.52773e-05 4.52773e-05 2.82611e-05 1.1245e-05 1.1245e-05 1.1245e-05 1.1245e-05 2.82611e-05
3.69231e-05 3.69231e-05 3.69231e-05 1.45326e-05 -7.85803e-06 -7.85803e-06 -7.85803e-06 -7.85803e-06 1.45326e-05 3.69231e-05 3.69231e-05 3.69231e-05 1.45326e-05 -7.85803e-06 -7.85803e-06 -7.85803e-06 -7.85803e-06 1.45326e-05
3.90699e-05 3.90699e-05 3.90699e-05 6.40672e-06 -2.62565e-05 -2.62565e-05 -2.62565e-05 -2.62565e-05 6.40672e-06 3.90699e-05 3.90699e-05 3.90699e-05 6.40672e-06 -2.62565e-05 -2.62565e-05 -2.62565e-05 -2.62565e-05 6.40672e-06
5.38923e-05 5.38923e-05 5.38923e-05 1.07128e-05 -3.24667e-05 -3.24667e-05 -3.24667e-05 -3.24667e-05 1.07128e-05 5.38923e-05 5.38923e-05 5.38923e-05 1.07128e-05 -3.24667e-05 -3.24667e-05 -3.24667e-05 -3.24667e-05 1.07128e-05
6.86366e-05 6.86366e-05 6.86366e-05 2.03167e-05 -2.80033e-05 -2.80033e-05 -2.80033e-05 -2.80033e-05 2.03167e-05 6.86366e-05 6.86366e-05 6.86366e-05 2.03167e-05 -2.80033e-05 -2.80033e-05 -2.80033e-05 -2.80033e-05 2.03167e-05
7.03345e-05 7.03345e-05 7.03345e-05 2.29902e-05 -2.43541e-05 -2.43541e-05 -2.43541e-05 -2.43541e-05 2.29902e-05 7.03345e-05 7.03345e-05 7.03345e-05 2.29902e-05 -2.43541e-05 -2.43541e-05 -2.43541e-05 -2.43541e-05 2.29902e-05
5.88479e-05 5.88479e-05 5.88479e-05 1.5331e-05 -2.81859e-05 -2.81859e-05 -2.81859e-05 -2.81859e-05 1.5331e-05 5.88479e-05 5.88479e-05 5.88479e-05 1.5331e-05 -2.81859e-05 -2.81859e-05 -2.81859e-05 -2.81859e-05 1.5331e-05
4.4735e-05 4.4735e-05 4.4735e-05 4.16416e-06 -3.64067e-05 -3.64067e-05 -3.64067e-05 -3.64067e-05 4.16416e-06 4.4735e-05 4.4735e-05 4.4735e-05 4.16416e-06 -3.64067e-05 -3.64067e-05 -3.64067e-05 -3.64067e-05 4.16416e-06
3.75228e-05 3.75228e-05 3.75228e-05 -3.78194e-06 -4.50867e-05 -4.50867e-05 -4.50867e-05 -4.50867e-05 -3.78194e-06 3.75228e-05 3.75228e-05 3.75228e-05 -3.78194e-06 -4.50867e-05 -4.50867e-05 -4.50867e-05 -4.50867e-05 -3.78194e-06
3.7225e-05 3.7225e-05 3.7225e-05 -8.44514e-06 -5.41153e-05 -5.41153e-05 -5.41153e-05 -5.41153e-05 -8.44514e-06 3.7225e-05 3.7225e-05 3.7225e-05 -8.44514e-06 -5.41153e-05 -5.41153e-05 -5.41153e-05 -5.41153e-05 -8.44514e-06
3.74969e-05 3.74969e-05 3.74969e-05 -1.23769e-05 -6.22507e-05 -6.22507e-05 -6.22507e-05 -6.22507e-05 -1.23769e-05 3.74969e-05 3.74969e-05 3.74969e-05 -1.23769e-05 -6.22507e-05 -6.22507e-05 -6.22507e-05 -6.22507e-05 -1.23769e-05
3.27155e-05 3.27155e-05 3.27155e-05 -1.67721e-05 -6.62598e-05 -6.62598e-05 -6.62598e-05 -6.62598e-05 -1.67721e-05 3.27155e-05 3.27155e-05 3.27155e-05 -1.67721e-05 -6.62598e-05 -6.62598e-05 -6.62598e-05 -6.62598e-05 -1.67721e-05
2.09734e-05 2.09734e-05 2.09734e-05 -2.27306e-05 -6.64346e-05 -6.64346e-05 -6.64346e-05 -6.64346e-05 -2.27306e-05 2.09734e-05 2.09734e-05 2.09734e-05 -2.27306e-05 -6.64346e-05 -6.64346e-05 -6.64346e-05 -6.64346e-05 -2.27306e-05
6.4344e-06 6.4344e-06 6.4344e-06 -3.01895e-05 -6.68134e-05 -6.68134e-05 -6.68134e-05 -6.68134e-05 -3.01895e-05 6.4344e-06 6.4344e-06 6.4344e-06 -3.01895e-05 -6.68134e-05 -6.68134e-05 -6.68134e-05 -6.68134e-05 -3.01895e-05
-2.32878e-06 -2.32878e-06 -2.32878e-06 -3.53536e-05 -6.83785e-05 -6.83785e-05 -6.83785e-05 -6.83785e-05 -3.53536e-05 -2.32878e-06 -2.32878e-06 -2.32878e-06 -3.53536e-05 -6.83785e-05 -6.83785e-05 -6.83785e-05 -6.83785e-05 -3.53536e-05
-1.56469e-06 -1.56469e-06 -1.56469e-06 -3.4068e-05 -6.65712e-05 -6.65712e-05 -6.65712e-05 -6.65712e-05 -3.4068e-05 -1.56469e-06 -1.56469e-06 -1.56469e-06 -3.4068e-05 -6.65712e-05 -6.65712e-05 -6.65712e-05 -6.65712e-05 -3.4068e-05
2.29735e-06 2.29735e-06 2.29735e-06 -2.77988e-05 -5.78949e-05 -5.78949e-05 -5.78949e-05 -5.78949e-05 -2.77988e-05 2.29735e-06 2.29735e-06 2.29735e-06 -2.77988e-05 -5.78949e-05 -5.78949e-05 -5.78949e-05 -5.78949e-05 -2.77988e-05
-9.5235e-07 -9.5235e-07 -9.5235e-07 -2.31641e-05 -4.53758e-05 -4.53758e-05 -4.53758e-05 -4.53758e-05 -2.31641e-05 -9.5235e-07 -9.5235e-07 -9.5235e-07 -2.31641e-05 -4.53758e-05 -4.53758e-05 -4.53758e-05 -4.53758e-05 -2.31641e-05
-1.57667e-05 -1.57667e-05 -1.57667e-05 -2.57841e-05 -3.58015e-05 -3.58015e-05 -3.58015e-05 -3.58015e-05 -2.57841e-05 -1.57667e-05 -1.57667e-05 -1.57667e-05 -2.57841e-05 -3.58015e-05 -3.58015e-05 -3.58015e-05 -3.58015e-05 -2.57841e-05
-3.84877e-05 -3.84877e-05 -3.84877e-05 -3.64584e-05 -3.4429e-05 -3.4429e-05 -3.4429e-05 -3.4429e-05 -3.64584e-05 -3.84877e-05 -3.84877e-05 -3.84877e-05 -3.64584e-05 -3.4429e-05 -3.4429e-05 -3.4429e-05 -3.4429e-05 -3.64584e-05
-6.12855e-05 -6.12855e-05 -6.12855e-05 -5.16332e-05 -4.19809e-05 -4.19809e-05 -4.19809e-05 -4.19809e-05 -5.16332e-05 -6.12855e-05 -6.12855e-05 -6.12855e-05 -5.16332e-05 -4.19809e-05 -4.19809e-05 -4.19809e-05 -4.19809e-05 -5.16332e-05
-7.60357e-05 -7.60357e-05 -7.60357e-05 -6.49397e-05 -5.38438e-05 -5.38438e-05 -5.38438e-05 -5.38438e-05 -6.49397e-05 -7.60357e-05 -7.60357e-05 -7.60357e-05 -6.49397e-05 -5.38438e-05 -5.38438e-05 -5.38438e-05 -5.38438e-05 -6.49397e-05
-7.86625e-05 -7.86625e-05 -7.86625e-05 -7.06153e-05 -6.2568e-05 -6.2568e-05 -6.2568e-05 -6.2568e-05 -7.06153e-05 -7.86625e-05 -7.86625e-05 -7.86625e-05 -7.06153e-05 -6.2568e-05 -6.2568e-05 -6.2568e-05 -6.2568e-05 -7.06153e-05
