2.09371e-08 2.09371e-08 2.09371e-08 1.75348e-08 1.41325e-08 1.41325e-08 1.41325e-08 1.41325e-08 1.75348e-08 2.09371e-08 2.09371e-08 2.09371e-08 1.75348e-08 1.41325e-08 1.41325e-08 1.41325e-08 1.41325e-08 1.75348e-08
2.85802e-07 2.85802e-07 2.85802e-07 2.22101e-07 1.58401e-07 1.58401e-07 1.58401e-07 1.58401e-07 2.22101e-07 2.85802e-07 2.85802e-07 2.85802e-07 2.22101e-07 1.58401e-07 1.58401e-07 1.58401e-07 1.58401e-07 2.22101e-07
2.06427e-06 2.06427e-06 2.06427e-06 1.68038e-06 1.29649e-06 1.29649e-06 1.29649e-06 1.29649e-06 1.68038e-06 2.06427e-06 2.06427e-06 2.06427e-06 1.68038e-06 1.29649e-06 1.29649e-06 1.29649e-06 1.29649e-06 1.68038e-06
7.67224e-06 7.67224e-06 7.67224e-06 6.43927e-06 5.20631e-06 5.20631e-06 5.20631e-06 5.20631e-06 6.43927e-06 7.67224e-06 7.67224e-06 7.67224e-06 6.43927e-06 5.20631e-06 5.20631e-06 5.20631e-06 5.20631e-06 6.43927e-06
1.76187e-05 1.76187e-05 1.76187e-05 1.507e-05 1.25213e-05 1.25213e-05 1.25213e-05 1.25213e-05 1.507e-05 1.76187e-05 1.76187e-05 1.76187e-05 1.507e-05 1.25213e-05 1.25213e-05 1.25213e-05 1.25213e-05 1.507e-05
2.90564e-05 2.90564e-05 2.90564e-05 2.52589e-05 2.14615e-05 2.14615e-05 2.14615e-05 2.14615e-05 2.52589e-05 2.90564e-05 2.90564e-05 2.90564e-05 2.52589e-05 2.14615e-05 2.14615e-05 2.14615e-05 2.14615e-05 2.52589e-05
3.86435e-05 3.86435e-05 3.86435e-05 3.42149e-05 2.97863e-05 2.97863e-05 2.97863e-05 2.97863e-05 3.42149e-05 3.86435e-05 3.86435e-05 3.86435e-05 3.42149e-05 2.97863e-05 2.97863e-05 2.97863e-05 2.97863e-05 3.42149e-05
4.54655e-05 4.54655e-05 4.54655e-05 4.11729e-05 3.68803e-05 3.68803e-05 3.68803e-05 3.68803e-05 4.11729e-05 4.54655e-05 4.54655e-05 4.54655e-05 4.11729e-05 3.68803e-05 3.68803e-05 3.68803e-05 3.68803e-05 4.11729e-05
5.12801e-05 5.12801e-05 5.12801e-05 4.75355e-05 4.37908e-05 4.37908e-05 4.37908e-05 4.37908e-05 4.75355e-05 5.12801e-05 5.12801e-05 5.12801e-05 4.75355e-05 4.37908e-05 4.37908e-05 4.37908e-05 4.37908e-05 4.75355e-05
5.8606e-05 5.8606e-05 5.8606e-05 5.50599e-05 5.15137e-05 5.15137e-05 5.15137e-05 5.15137e-05 5.50599e-05 5.8606e-05 5.8606e-05 5.8606e-05 5.50599e-05 5.15137e-05 5.15137e-05 5.15137e-05 5.15137e-05 5.50599e-05
6.7399e-05 6.7399e-05 6.7399e-05 6.3189e-05 5.89791e-05 5.89791e-05 5.89791e-05 5.89791e-05 6.3189e-05 6.7399e-05 6.7399e-05 6.7399e-05 6.3189e-05 5.89791e-05 5.89791e-05 5.89791e-05 5.89791e-05 6.3189e-05
7.34474e-05 7.34474e-05 7.34474e-05 6.82597e-05 6.3072e-05 6.3072e-05 6.3072e-05 6.3072e-05 6.82597e-05 7.34474e-05 7.34474e-05 7.34474e-05 6.82597e-05 6.3072e-05 6.3072e-05 6.3072e-05 6.3072e-05 6.82597e-05
7.18866e-05 7.18866e-05 7.18866e-05 6.66561e-05 6.14255e-05 6.14255e-05 6.14255e-05 6.14255e-05 6.66561e-05 7.18866e-05 7.18866e-05 7.18866e-05 6.66561e-05 6.14255e-05 6.14255e-05 6.14255e-05 6.14255e-05 6.66561e-05
6.31431e-05 6.31431e-05 6.31431e-05 5.93556e-05 5.55681e-05 5.55681e-05 5.55681e-05 5.55681e-05 5.93556e-05 6.31431e-05 6.31431e-05 6.31431e-05 5.93556e-05 5.55681e-05 5.55681e-05 5.55681e-05 5.55681e-05 5.93556e-05
5.32454e-05 5.32454e-05 5.32454e-05 5.1658e-05 5.00706e-05 5.00706e-05 5.00706e-05 5.00706e-05 5.1658e-05 5.32454e-05 5.32454e-05 5.32454e-05 5.1658e-05 5.00706e-05 5.00706e-05 5.00706e-05 5.00706e-05 5.1658e-05
4.72275e-05 4.72275e-05 4.72275e-05 4.73831e-05 4.75388e-05 4.75388e-05 4.75388e-05 4.75388e-05 4.73831e-05 4.72275e-05 4.72275e-05 4.72275e-05 4.73831e-05 4.75388e-05 4.75388e-05 4.75388e-05 4.75388e-05 4.73831e-05
4.50588e-05 4.50588e-05 4.50588e-05 4.57718e-05 4.64849e-05 4.64849e-05 4.64849e-05 4.64849e-05 4.57718e-05 4.50588e-05 4.50588e-05 4.50588e-05 4.57718e-05 4.64849e-05 4.64849e-05 4.64849e-05 4.64849e-05 4.57718e-05
4.43363e-05 4.43363e-05 4.43363e-05 4.46637e-05 4.4991e-05 4.4991e-05 4.4991e-05 4.4991e-05 4.46637e-05 4.43363e-05 4.43363e-05 4.43363e-05 4.46637e-05 4.4991e-05 4.4991e-05 4.4991e-05 4.4991e-05 4.46637e-05
4.26942e-05 4.26942e-05 4.26942e-05 4.29392e-05 4.31841e-05 4.31841e-05 4.31841e-05 4.31841e-05 4.29392e-05 4.26942e-05 4.26942e-05 4.26942e-05 4.29392e-05 4.31841e-05 4.31841e-05 4.31841e-05 4.31841e-05 4.29392e-05
3.74063e-05 3.74063e-05 3.74063e-05 3.93061e-05 4.12059e-05 4.12059e-05 4.12059e-05 4.12059e-05 3.93061e-05 3.74063e-05 3.74063e-05 3.74063e-05 3.93061e-05 4.12059e-05 4.12059e-05 4.12059e-05 4.12059e-05 3.93061e-05
2.76041e-05 2.76041e-05 2.76041e-05 3.29214e-05 3.82387e-05 3.82387e-05 3.82387e-05 3.82387e-05 3.29214e-05 2.76041e-05 2.76041e-05 2.76041e-05 3.29214e-05 3.82387e-05 3.82387e-05 3.82387e-05 3.82387e-05 3.29214e-05
1.70891e-05 1.70891e-05 1.70891e-05 2.57122e-05 3.43353e-05 3.43353e-05 3.43353e-05 3.43353e-05 2.57122e-05 1.70891e-05 1.70891e-05 1.70891e-05 2.57122e-05 3.43353e-05 3.43353e-05 3.43353e-05 3.43353e-05 2.57122e-05
1.10461e-05 1.10461e-05 1.10461e-05 2.0842e-05 3.0638e-05 3.0638e-05 3.0638e-05 3.0638e-05 2.0842e-05 1.10461e-05 1.10461e-05 1.10461e-05 2.0842e-05 3.0638e-05 3.0638e-05 3.0638e-05 3.0638e-05 2.0842e-05
1.00358e-05 1.00358e-05 1.00358e-05 1.85943e-05 2.71528e-05 2.71528e-05 2.71528e-05 2.71528e-05 1.85943e-05 1.00358e-05 1.00358e-05 1.00358e-05 1.85943e-05 2.71528e-05 2.71528e-05 2.71528e-05 2.71528e-05 1.85943e-05
8.86234e-06 8.86234e-06 8.86234e-06 1.53396e-05 2.18169e-05 2.18169e-05 2.18169e-05 2.18169e-05 1.53396e-05 8.86234e-06 8.86234e-06 8.86234e-06 1.53396e-05 2.18169e-05 2.18169e-05 2.18169e-05 2.18169e-05 1.53396e-05
1.12654e-06 1.12654e-06 1.12654e-06 6.98755e-06 1.28486e-05 1.28486e-05 1.28486e-05 1.28486e-05 6.98755e-06 1.12654e-06 1.12654e-06 1.12654e-06 6.98755e-06 1.28486e-05 1.28486e-05 1.28486e-05 1.28486e-05 6.98755e-06
-1.40234e-05 -1.40234e-05 -1.40234e-05 -5.96149e-06 2.10044e-06 2.10044e-06 2.10044e-06 2.10044e-06 -5.96149e-06 -1.40234e-05 -1.40234e-05 -1.40234e-05 -5.96149e-06 2.10044e-06 2.10044e-06 2.10044e-06 2.10044e-06 -5.96149e-06
-2.88409e-05 -2.88409e-05 -2.88409e-05 -1.69695e-05 -5.09813e-06 -5.09813e-06 -5.09813e-06 -5.09813e-06 -1.69695e-05 -2.88409e-05 -2.88409e-05 -2.88409e-05 -1.69695e-05 -5.09813e-06 -5.09813e-06 -5.09813e-06 -5.09813e-06 -1.69695e-05
-3.39239e-05 -3.39239e-05 -3.39239e-05 -1.97767e-05 -5.62955e-06 -5.62955e-06 -5.62955e-06 -5.62955e-06 -1.97767e-05 -3.39239e-05 -3.39239e-05 -3.39239e-05 -1.97767e-05 -5.62955e-06 -5.62955e-06 -5.62955e-06 -5.62955e-06 -1.97767e-05
-2.87024e-05 -2.87024e-05 -2.87024e-05 -1.58663e-05 -3.03008e-06 -3.03008e-06 -3.03008e-06 -3.03008e-06 -1.58663e-05 -2.87024e-05 -2.87024e-05 -2.87024e-05 -1.58663e-05 -3.03008e-06 -3.03008e-06 -3.03008e-06 -3.03008e-06 -1.58663e-05
-2.21436e-05 -2.21436e-05 -2.21436e-05 -1.30313e-05 -3.91891e-06 -3.91891e-06 -3.91891e-06 -3.91891e-06 -1.30313e-05 -2.21436e-05 -2.21436e-05 -2.21436e-05 -1.30313e-05 -3.91891e-06 -3.91891e-06 -3.91891e-06 -3.91891e-06 -1.30313e-05
-2.41484e-05 -2.41484e-05 -2.41484e-05 -1.77115e-05 -1.12747e-05 -1.12747e-05 -1.12747e-05 -1.12747e-05 -1.77115e-05 -2.41484e-05 -2.41484e-05 -2.41484e-05 -1.77115e-05 -1.12747e-05 -1.12747e-05 -1.12747e-05 -1.12747e-05 -1.77115e-05
-3.66102e-05 -3.66102e-05 -3.66102e-05 -2.93356e-05 -2.20611e-05 -2.20611e-05 -2.20611e-05 -2.20611e-05 -2.93356e-05 -3.66102e-05 -3.66102e-05 -3.66102e-05 -2.93356e-05 -2.20611e-05 -2.20611e-05 -2.20611e-05 -2.20611e-05 -2.93356e-05
-5.10631e-05 -5.10631e-05 -5.10631e-05 -4.07699e-05 -3.04767e-05 -3.04767e-05 -3.04767e-05 -3.04767e-05 -4.07699e-05 -5.10631e-05 -5.10631e-05 -5.10631e-05 -4.07699e-05 -3.04767e-05 -3.04767e-05 -3.04767e-05 -3.04767e-05 -4.07699e-05
-5.61404e-05 -5.61404e-05 -5.61404e-05 -4.47124e-05 -3.32843e-05 -3.32843e-05 -3.32843e-05 -3.32843e-05 -4.47124e-05 -5.61404e-05 -5.61404e-05 -5.61404e-05 -4.47124e-05 -3.32843e-05 -3.32843e-05 -3.32843e-05 -3.32843e-05 -4.47124e-05
-4.90086e-05 -4.90086e-05 -4.90086e-05 -4.09101e-05 -3.28116e-05 -3.28116e-05 -3.28116e-05 -3.28116e-05 -4.09101e-05 -4.90086e-05 -4.90086e-05 -4.90086e-05 -4.09101e-05 -3.28116e-05 -3.28116e-05 -3.28116e-05 -3.28116e-05 -4.09101e-05
-3.84951e-05 -3.84951e-05 -3.84951e-05 -3.6668e-05 -3.48409e-05 -3.48409e-05 -3.48409e-05 -3.48409e-05 -3.6668e-05 -3.84951e-05 -3.84951e-05 -3.84951e-05 -3.6668e-05 -3.48409e-05 -3.48409e-05 -3.48409e-05 -3.48409e-05 -3.6668e-05
-3.58723e-05 -3.58723e-05 -3.58723e-05 -3.91275e-05 -4.23826e-05 -4.23826e-05 -4.23826e-05 -4.23826e-05 -3.91275e-05 -3.58723e-05 -3.58723e-05 -3.58723e-05 -3.91275e-05 -4.23826e-05 -4.23826e-05 -4.23826e-05 -4.23826e-05 -3.91275e-05
-4.35044e-05 -4.35044e-05 -4.35044e-05 -4.75403e-05 -5.15762e-05 -5.15762e-05 -5.15762e-05 -5.15762e-05 -4.75403e-05 -4.35044e-05 -4.35044e-05 -4.35044e-05 -4.75403e-05 -5.15762e-05 -5.15762e-05 -5.15762e-05 -5.15762e-05 -4.75403e-05
-5.26923e-05 -5.26923e-05 -5.26923e-05 -5.37136e-05 -5.47348e-05 -5.47348e-05 -5.47348e-05 -5.47348e-05 -5.37136e-05 -5.26923e-05 -5.26923e-05 -5.26923e-05 -5.37136e-05 -5.47348e-05 -5.47348e-05 -5.47348e-05 -5.47348e-05 -5.37136e-05
-5.19724e-05 -5.19724e-05 -5.19724e-05 -5.00271e-05 -4.80819e-05 -4.80819e-05 -4.80819e-05 -4.80819e-05 -5.00271e-05 -5.19724e-05 -5.19724e-05 -5.19724e-05 -5.00271e-05 -4.80819e-05 -4.80819e-05 -4.80819e-05 -4.80819e-05 -5.00271e-05
-3.82279e-05 -3.82279e-05 -3.82279e-05 -3.73971e-05 -3.65662e-05 -3.65662e-05 -3.65662e-05 -3.65662e-05 -3.73971e-05 -3.82279e-05 -3.82279e-05 -3.82279e-05 -3.73971e-05 -3.65662e-05 -3.65662e-05 -3.65662e-05 -3.65662e-05 -3.73971e-05
-1.98515e-05 -1.98515e-05 -1.98515e-05 -2.48127e-05 -2.97738e-05 -2.97738e-05 -2.97738e-05 -2.97738e-05 -2.48127e-05 -1.98515e-05 -1.98515e-05 -1.98515e-05 -2.48127e-05 -2.97738e-05 -2.97738e-05 -2.97738e-05 -2.97738e-05 -2.48127e-05
-8.54938e-06 -8.54938e-06 -8.54938e-06 -2.04146e-05 -3.22798e-05 -3.22798e-05 -3.22798e-05 -3.22798e-05 -2.04146e-05 -8.54938e-06 -8.54938e-06 -8.54938e-06 -2.04146e-05 -3.22798e-05 -3.22798e-05 -3.22798e-05 -3.22798e-05 -2.04146e-05
-8.35703e-06 -8.35703e-06 -8.35703e-06 -2.3831e-05 -3.93051e-05 -3.93051e-05 -3.93051e-05 -3.93051e-05 -2.3831e-05 -8.35703e-06 -8.35703e-06 -8.35703e-06 -2.3831e-05 -3.93051e-05 -3.93051e-05 -3.93051e-05 -3.93051e-05 -2.3831e-05
-1.22396e-05 -1.22396e-05 -1.22396e-05 -2.70326e-05 -4.18256e-05 -4.18256e-05 -4.18256e-05 -4.18256e-05 -2.70326e-05 -1.22396e-05 -1.22396e-05 -1.22396e-05 -2.70326e-05 -4.18256e-05 -4.18256e-05 -4.18256e-05 -4.18256e-05 -2.70326e-05
-8.74229e-06 -8.74229e-06 -8.74229e-06 -2.17293e-05 -3.47164e-05 -3.47164e-05 -3.47164e-05 -3.47164e-05 -2.17293e-05 -8.74229e-06 -8.74229e-06 -8.74229e-06 -2.17293e-05 -3.47164e-05 -3.47164e-05 -3.47164e-05 -3.47164e-05 -2.17293e-05
7.13147e-06 7.13147e-06 7.13147e-06 -6.81379e-06 -2.0759e-05 -2.0759e-05 -2.0759e-05 -2.0759e-05 -6.81379e-06 7.13147e-06 7.13147e-06 7.13147e-06 -6.81379e-06 -2.0759e-05 -2.0759e-05 -2.0759e-05 -2.0759e-05 -6.81379e-06
2.88096e-05 2.88096e-05 2.88096e-05 1.06198e-05 -7.5701e-06 -7.5701e-06 -7.5701e-06 -7.5701e-06 1.06198e-05 2.88096e-05 2.88096e-05 2.88096e-05 1.06198e-05 -7.5701e-06 -7.5701e-06 -7.5701e-06 -7.5701e-06 1.06198e-05
4.4786e-05 4.4786e-05 4.4786e-05 2.23446e-05 -9.68974e-08 -9.68974e-08 -9.68974e-08 -9.68974e-08 2.23446e-05 4.4786e-05 4.4786e-05 4.4786e-05 2.23446e-05 -9.68974e-08 -9.68974e-08 -9.68974e-08 -9.68974e-08 2.23446e-05
5.05529e-05 5.05529e-05 5.05529e-05 2.73403e-05 4.12782e-06 4.12782e-06 4.12782e-06 4.12782e-06 2.73403e-05 5.05529e-05 5.05529e-05 5.05529e-05 2.73403e-05 4.12782e-06 4.12782e-06 4.12782e-06 4.12782e-06 2.73403e-05
5.28456e-05 5.28456e-05 5.28456e-05 3.25373e-05 1.22291e-05 1.22291e-05 1.22291e-05 1.22291e-05 3.25373e-05 5.28456e-05 5.28456e-05 5.28456e-05 3.25373e-05 1.22291e-05 1.22291e-05 1.22291e-05 1.22291e-05 3.25373e-05
6.32424e-05 6.32424e-05 6.32424e-05 4.61425e-05 2.90426e-05 2.90426e-05 2.90426e-05 2.90426e-05 4.61425e-05 6.32424e-05 6.32424e-05 6.32424e-05 4.61425e-05 2.90426e-05 2.90426e-05 2.90426e-05 2.90426e-05 4.61425e-05
8.72631e-05 8.72631e-05 8.72631e-05 6.97064e-05 5.21497e-05 5.21497e-05 5.21497e-05 5.21497e-05 6.97064e-05 8.72631e-05 8.72631e-05 8.72631e-05 6.97064e-05 5.21497e-05 5.21497e-05 5.21497e-05 5.21497e-05 6.97064e-05
0.000116642 0.000116642 0.000116642 9.45335e-05 7.24246e-05 7.24246e-05 7.24246e-05 7.24246e-05 9.45335e-05 0.000116642 0.000116642 0.000116642 9.45335e-05 7.24246e-05 7.24246e-05 7.24246e-05 7.24246e-05 9.45335e-05
0.000135081 0.000135081 0.000135081 0.000108583 8.20848e-05 8.20848e-05 8.20848e-05 8.20848e-05 0.000108583 0.000135081 0.000135081 0.000135081 0.000108583 8.20848e-05 8.20848e-05 8.20848e-05 8.20848e-05 0.000108583
0.000135379 0.000135379 0.000135379 0.000109614 8.38487e-05 8.38487e-05 8.38487e-05 8.38487e-05 0.000109614 0.000135379 0.000135379 0.000135379 0.000109614 8.38487e-05 8.38487e-05 8.38487e-05 8.38487e-05 0.000109614
0.000126749 0.000126749 0.000126749 0.000107484 8.82183e-05 8.82183e-05 8.82183e-05 8.82183e-05 0.000107484 0.000126749 0.000126749 0.000126749 0.000107484 8.82183e-05 8.82183e-05 8.82183e-05 8.82183e-05 0.000107484
0.000123291 0.000123291 0.000123291 0.000112027 0.000100762 0.000100762 0.000100762 0.000100762 0.000112027 0.000123291 0.000123291 0.000123291 0.000112027 0.000100762 0.000100762 0.000100762 0.000100762 0.000112027
0.000130774 0.000130774 0.000130774 0.000123755 0.000116735 0.000116735 0.000116735 0.000116735 0.000123755 0.000130774 0.000130774 0.000130774 0.000123755 0.000116735 0.000116735 0.000116735 0.000116735 0.000123755
0.000144166 0.000144166 0.000144166 0.00013624 0.000128315 0.000128315 0.000128315 0.000128315 0.00013624 0.000144166 0.000144166 0.000144166 0.00013624 0.000128315 0.000128315 0.000128315 0.000128315 0.00013624
0.00015317 0.00015317 0.00015317 0.000143252 0.000133334 0.000133334 0.000133334 0.000133334 0.000143252 0.00015317 0.00015317 0.00015317 0.000143252 0.000133334 0.000133334 0.000133334 0.000133334 0.000143252
0.000151806 0.000151806 0.000151806 0.000144131 0.000136457 0.000136457 0.000136457 0.000136457 0.000144131 0.000151806 0.000151806 0.000151806 0.000144131 0.000136457 0.000136457 0.000136457 0.000136457 0.000144131
0.000144719 0.000144719 0.000144719 0.00014405 0.000143382 0.000143382 0.000143382 0.000143382 0.00014405 0.000144719 0.000144719 0.000144719 0.00014405 0.000143382 0.000143382 0.000143382 0.000143382 0.00014405
0.000142903 0.000142903 0.000142903 0.000149227 0.000155552 0.000155552 0.000155552 0.000155552 0.000149227 0.000142903 0.000142903 0.000142903 0.000149227 0.000155552 0.000155552 0.000155552 0.000155552 0.000149227
0.000151943 0.000151943 0.000151943 0.0001607 0.000169457 0.000169457 0.000169457 0.000169457 0.0001607 0.000151943 0.000151943 0.000151943 0.0001607 0.000169457 0.000169457 0.000169457 0.000169457 0.0001607
0.000165001 0.000165001 0.000165001 0.000172225 0.000179449 0.000179449 0.000179449 0.000179449 0.000172225 0.000165001 0.000165001 0.000165001 0.000172225 0.000179449 0.000179449 0.000179449 0.000179449 0.000172225
0.000169312 0.000169312 0.000169312 0.00017609 0.000182867 0.000182867 0.000182867 0.000182867 0.00017609 0.000169312 0.000169312 0.000169312 0.00017609 0.000182867 0.000182867 0.000182867 0.000182867 0.00017609
0.000158811 0.000158811 0.000158811 0.000170618 0.000182425 0.000182425 0.000182425 0.000182425 0.000170618 0.000158811 0.000158811 0.000158811 0.000170618 0.000182425 0.000182425 0.000182425 0.000182425 0.000170618
0.000139088 0.000139088 0.000139088 0.000160731 0.000182375 0.000182375 0.000182375 0.000182375 0.000160731 0.000139088 0.000139088 0.000139088 0.000160731 0.000182375 0.000182375 0.000182375 0.000182375 0.000160731
0.000122235 0.000122235 0.000122235 0.000153078 0.000183921 0.000183921 0.000183921 0.000183921 0.000153078 0.000122235 0.000122235 0.000122235 0.000153078 0.000183921 0.000183921 0.000183921 0.000183921 0.000153078
0.000116788 0.000116788 0.000116788 0.000150502 0.000184217 0.000184217 0.000184217 0.000184217 0.000150502 0.000116788 0.000116788 0.000116788 0.000150502 0.000184217 0.000184217 0.000184217 0.000184217 0.000150502
0.000119289 0.000119289 0.000119289 0.00014893 0.000178571 0.000178571 0.000178571 0.000178571 0.00014893 0.000119289 0.000119289 0.000119289 0.00014893 0.000178571 0.000178571 0.000178571 0.000178571 0.00014893
0.000116851 0.000116851 0.000116851 0.000141336 0.000165821 0.000165821 0.000165821 0.000165821 0.000141336 0.000116851 0.000116851 0.000116851 0.000141336 0.000165821 0.000165821 0.000165821 0.000165821 0.000141336
0.000100645 0.000100645 0.000100645 0.00012605 0.000151455 0.000151455 0.000151455 0.000151455 0.00012605 0.000100645 0.000100645 0.000100645 0.00012605 0.000151455 0.000151455 0.000151455 0.000151455 0.00012605
7.52588e-05 7.52588e-05 7.52588e-05 0.000108895 0.000142531 0.000142531 0.000142531 0.000142531 0.000108895 7.52588e-05 7.52588e-05 7.52588e-05 0.000108895 0.000142531 0.000142531 0.000142531 0.000142531 0.000108895
5.42661e-05 5.42661e-05 5.42661e-05 9.71221e-05 0.000139978 0.000139978 0.000139978 0.000139978 9.71221e-05 5.42661e-05 5.42661e-05 5.42661e-05 9.71221e-05 0.000139978 0.000139978 0.000139978 0.000139978 9.71221e-05
4.76841e-05 4.76841e-05 4.76841e-05 9.2575e-05 0.000137466 0.000137466 0.000137466 0.000137466 9.2575e-05 4.76841e-05 4.76841e-05 4.76841e-05 9.2575e-05 0.000137466 0.000137466 0.000137466 0.000137466 9.2575e-05
5.29348e-05 5.29348e-05 5.29348e-05 9.0572e-05 0.000128209 0.000128209 0.000128209 0.000128209 9.0572e-05 5.29348e-05 5.29348e-05 5.29348e-05 9.0572e-05 0.000128209 0.000128209 0.000128209 0.000128209 9.0572e-05
5.83393e-05 5.83393e-05 5.83393e-05 8.56424e-05 0.000112945 0.000112945 0.000112945 0.000112945 8.56424e-05 5.83393e-05 5.83393e-05 5.83393e-05 8.56424e-05 0.000112945 0.000112945 0.000112945 0.000112945 8.56424e-05
5.46983e-05 5.46983e-05 5.46983e-05 7.69275e-05 9.91567e-05 9.91567e-05 9.91567e-05 9.91567e-05 7.69275e-05 5.46983e-05 5.46983e-05 5.46983e-05 7.69275e-05 9.91567e-05 9.91567e-05 9.91567e-05 9.91567e-05 7.69275e-05
4.04908e-05 4.04908e-05 4.04908e-05 6.56789e-05 9.08671e-05 9.08671e-05 9.08671e-05 9.08671e-05 6.56789e-05 4.04908e-05 4.04908e-05 4.04908e-05 6.56789e-05 9.08671e-05 9.08671e-05 9.08671e-05 9.08671e-05 6.56789e-05
2.05953e-05 2.05953e-05 2.05953e-05 5.20737e-05 8.3552e-05 8.3552e-05 8.3552e-05 8.3552e-05 5.20737e-05 2.05953e-05 2.05953e-05 2.05953e-05 5.20737e-05 8.3552e-05 8.3552e-05 8.3552e-05 8.3552e-05 5.20737e-05
6.06203e-06 6.06203e-06 6.06203e-06 3.91059e-05 7.21498e-05 7.21498e-05 7.21498e-05 7.21498e-05 3.91059e-05 6.06203e-06 6.06203e-06 6.06203e-06 3.91059e-05 7.21498e-05 7.21498e-05 7.21498e-05 7.21498e-05 3.91059e-05
6.78642e-06 6.78642e-06 6.78642e-06 3.24246e-05 5.80627e-05 5.80627e-05 5.80627e-05 5.80627e-05 3.24246e-05 6.78642e-06 6.78642e-06 6.78642e-06 3.24246e-05 5.80627e-05 5.80627e-05 5.80627e-05 5.80627e-05 3.24246e-05
1.76745e-05 1.76745e-05 1.76745e-05 3.09281e-05 4.41817e-05 4.41817e-05 4.41817e-05 4.41817e-05 3.09281e-05 1.76745e-05 1.76745e-05 1.76745e-05 3.09281e-05 4.41817e-05 4.41817e-05 4.41817e-05 4.41817e-05 3.09281e-05
2.16857e-05 2.16857e-05 2.16857e-05 2.57889e-05 2.98922e-05 2.98922e-05 2.98922e-05 2.98922e-05 2.57889e-05 2.16857e-05 2.16857e-05 2.16857e-05 2.57889e-05 2.98922e-05 2.98922e-05 2.98922e-05 2.98922e-05 2.57889e-05
9.61599e-06 9.61599e-06 9.61599e-06 1.21667e-05 1.47175e-05 1.47175e-05 1.47175e-05 1.47175e-05 1.21667e-05 9.61599e-06 9.61599e-06 9.61599e-06 1.21667e-05 1.47175e-05 1.47175e-05 1.47175e-05 1.47175e-05 1.21667e-05
-1.19141e-05 -1.19141e-05 -1.19141e-05 -6.01171e-06 -1.09288e-07 -1.09288e-07 -1.09288e-07 -1.09288e-07 -6.01171e-06 -1.19141e-05 -1.19141e-05 -1.19141e-05 -6.01171e-06 -1.09288e-07 -1.09288e-07 -1.09288e-07 -1.09288e-07 -6.01171e-06
-2.97322e-05 -2.97322e-05 -2.97322e-05 -2.23863e-05 -1.50403e-05 -1.50403e-05 -1.50403e-05 -1.50403e-05 -2.23863e-05 -2.97322e-05 -2.97322e-05 -2.97322e-05 -2.23863e-05 -1.50403e-05 -1.50403e-05 -1.50403e-05 -1.50403e-05 -2.23863e-05
-3.50338e-05 -3.50338e-05 -3.50338e-05 -3.33966e-05 -3.17595e-05 -3.17595e-05 -3.17595e-05 -3.17595e-05 -3.33966e-05 -3.50338e-05 -3.50338e-05 -3.50338e-05 -3.33966e-05 -3.17595e-05 -3.17595e-05 -3.17595e-05 -3.17595e-05 -3.33966e-05
-2.95481e-05 -2.95481e-05 -2.95481e-05 -3.97315e-05 -4.99148e-05 -4.99148e-05 -4.99148e-05 -4.99148e-05 -3.97315e-05 -2.95481e-05 -2.95481e-05 -2.95481e-05 -3.97315e-05 -4.99148e-05 -4.99148e-05 -4.99148e-05 -4.99148e-05 -3.97315e-05
-2.41671e-05 -2.41671e-05 -2.41671e-05 -4.54661e-05 -6.67651e-05 -6.67651e-05 -6.67651e-05 -6.67651e-05 -4.54661e-05 -2.41671e-05 -2.41671e-05 -2.41671e-05 -4.54661e-05 -6.67651e-05 -6.67651e-05 -6.67651e-05 -6.67651e-05 -4.54661e-05
-2.81526e-05 -2.81526e-05 -2.81526e-05 -5.38038e-05 -7.9455e-05 -7.9455e-05 -7.9455e-05 -7.9455e-05 -5.38038e-05 -2.81526e-05 -2.81526e-05 -2.81526e-05 -5.38038e-05 -7.9455e-05 -7.9455e-05 -7.9455e-05 -7.9455e-05 -5.38038e-05
-3.871e-05 -3.871e-05 -3.871e-05 -6.28429e-05 -8.69757e-05 -8.69757e-05 -8.69757e-05 -8.69757e-05 -6.28429e-05 -3.871e-05 -3.871e-05 -3.871e-05 -6.28429e-05 -8.69757e-05 -8.69757e-05 -8.69757e-05 -8.69757e-05 -6.28429e-05
-4.39908e-05 -4.39908e-05 -4.39908e-05 -6.69786e-05 -8.99664e-05 -8.99664e-05 -8.99664e-05 -8.99664e-05 -6.69786e-05 -4.39908e-05 -4.39908e-05 -4.39908e-05 -6.69786e-05 -8.99664e-05 -8.99664e-05 -8.99664e-05 -8.99664e-05 -6.69786e-05
-3.68915e-05 -3.68915e-05 -3.68915e-05 -6.35029e-05 -9.01144e-05 -9.01144e-05 -9.01144e-05 -9.01144e-05 -6.35029e-05 -3.68915e-05 -3.68915e-05 -3.68915e-05 -6.35029e-05 -9.01144e-05 -9.01144e-05 -9.01144e-05 -9.01144e-05 -6.35029e-05
-2.21237e-05 -2.21237e-05 -2.21237e-05 -5.61048e-05 -9.00859e-05 -9.00859e-05 -9.00859e-05 -9.00859e-05 -5.61048e-05 -2.21237e-05 -2.21237e-05 -2.21237e-05 -5.61048e-05 -9.00859e-05 -9.00859e-05 -9.00859e-05 -9.00859e-05 -5.61048e-05
-8.73658e-06 -8.73658e-06 -8.73658e-06 -5.00128e-05 -9.12891e-05 -9.12891e-05 -9.12891e-05 -9.12891e-05 -5.00128e-05 -8.73658e-06 -8.73658e-06 -8.73658e-06 -5.00128e-05 -9.12891e-05 -9.12891e-05 -9.12891e-05 -9.12891e-05 -5.00128e-05
-1.64258e-06 -1.64258e-06 -1.64258e-06 -4.6977e-05 -9.23114e-05 -9.23114e-05 -9.23114e-05 -9.23114e-05 -4.6977e-05 -1.64258e-06 -1.64258e-06 -1.64258e-06 -4.6977e-05 -9.23114e-05 -9.23114e-05 -9.23114e-05 -9.23114e-05 -4.6977e-05
-9.79063e-07 -9.79063e-07 -9.79063e-07 -4.61324e-05 -9.12857e-05 -9.12857e-05 -9.12857e-05 -9.12857e-05 -4.61324e-05 -9.79063e-07 -9.79063e-07 -9.79063e-07 -4.61324e-05 -9.12857e-05 -9.12857e-05 -9.12857e-05 -9.12857e-05 -4.61324e-05
-3.14777e-06 -3.14777e-06 -3.14777e-06 -4.54476e-05 -8.77474e-05 -8.77474e-05 -8.77474e-05 -8.77474e-05 -4.54476e-05 -3.14777e-06 -3.14777e-06 -3.14777e-06 -4.54476e-05 -8.77474e-05 -8.77474e-05 -8.77474e-05 -8.77474e-05 -4.54476e-05
-2.89005e-06 -2.89005e-06 -2.89005e-06 -4.26712e-05 -8.24524e-05 -8.24524e-05 -8.24524e-05 -8.24524e-05 -4.26712e-05 -2.89005e-06 -2.89005e-06 -2.89005e-06 -4.26712e-05 -8.24524e-05 -8.24524e-05 -8.24524e-05 -8.24524e-05 -4.26712e-05
1.13481e-06 1.13481e-06 1.13481e-06 -3.82927e-05 -7.77202e-05 -7.77202e-05 -7.77202e-05 -7.77202e-05 -3.82927e-05 1.13481e-06 1.13481e-06 1.13481e-06 -3.82927e-05 -7.77202e-05 -7.77202e-05 -7.77202e-05 -7.77202e-05 -3.82927e-05
4.43672e-06 4.43672e-06 4.43672e-06 -3.59933e-05 -7.64233e-05 -7.64233e-05 -7.64233e-05 -7.64233e-05 -3.59933e-05 4.43672e-06 4.43672e-06 4.43672e-06 -3.59933e-05 -7.64233e-05 -7.64233e-05 -7.64233e-05 -7.64233e-05 -3.59933e-05
3.68481e-06 3.68481e-06 3.68481e-06 -3.71054e-05 -7.78957e-05 -7.78957e-05 -7.78957e-05 -7.78957e-05 -3.71054e-05 3.68481e-06 3.68481e-06 3.68481e-06 -3.71054e-05 -7.78957e-05 -7.78957e-05 -7.78957e-05 -7.78957e-05 -3.71054e-05
3.18599e-06 3.18599e-06 3.18599e-06 -3.65335e-05 -7.62529e-05 -7.62529e-05 -7.62529e-05 -7.62529e-05 -3.65335e-05 3.18599e-06 3.18599e-06 3.18599e-06 -3.65335e-05 -7.62529e-05 -7.62529e-05 -7.62529e-05 -7.62529e-05 -3.65335e-05
9.6722e-06 9.6722e-06 9.6722e-06 -2.81282e-05 -6.59286e-05 -6.59286e-05 -6.59286e-05 -6.59286e-05 -2.81282e-05 9.6722e-06 9.6722e-06 9.6722e-06 -2.81282e-05 -6.59286e-05 -6.59286e-05 -6.59286e-05 -6.59286e-05 -2.81282e-05
2.23787e-05 2.23787e-05 2.23787e-05 -1.27122e-05 -4.7803e-05 -4.7803e-05 -4.7803e-05 -4.7803e-05 -1.27122e-05 2.23787e-05 2.23787e-05 2.23787e-05 -1.27122e-05 -4.7803e-05 -4.7803e-05 -4.7803e-05 -4.7803e-05 -1.27122e-05
3.42109e-05 3.42109e-05 3.42109e-05 3.58733e-06 -2.70362e-05 -2.70362e-05 -2.70362e-05 -2.70362e-05 3.58733e-06 3.42109e-05 3.42109e-05 3.42109e-05 3.58733e-06 -2.70362e-05 -2.70362e-05 -2.70362e-05 -2.70362e-05 3.58733e-06
4.08314e-05 4.08314e-05 4.08314e-05 1.66612e-05 -7.50903e-06 -7.50903e-06 -7.50903e-06 -7.50903e-06 1.66612e-05 4.08314e-05 4.08314e-05 4.08314e-05 1.66612e-05 -7.50903e-06 -7.50903e-06 -7.50903e-06 -7.50903e-06 1.66612e-05
4.33499e-05 4.33499e-05 4.33499e-05 2.60636e-05 8.77722e-06 8.77722e-06 8.77722e-06 8.77722e-06 2.60636e-05 4.33499e-05 4.33499e-05 4.33499e-05 2.60636e-05 8.77722e-06 8.77722e-06 8.77722e-06 8.77722e-06 2.60636e-05
4.5255e-05 4.5255e-05 4.5255e-05 3.3018e-05 2.07809e-05 2.07809e-05 2.07809e-05 2.07809e-05 3.3018e-05 4.5255e-05 4.5255e-05 4.5255e-05 3.3018e-05 2.07809e-05 2.07809e-05 2.07809e-05 2.07809e-05 3.3018e-05
4.90695e-05 4.90695e-05 4.90695e-05 3.92795e-05 2.94895e-05 2.94895e-05 2.94895e-05 2.94895e-05 3.92795e-05 4.90695e-05 4.90695e-05 4.90695e-05 3.92795e-05 2.94895e-05 2.94895e-05 2.94895e-05 2.94895e-05 3.92795e-05
5.26767e-05 5.26767e-05 5.26767e-05 4.50668e-05 3.74568e-05 3.74568e-05 3.74568e-05 3.74568e-05 4.50668e-05 5.26767e-05 5.26767e-05 5.26767e-05 4.50668e-05 3.74568e-05 3.74568e-05 3.74568e-05 3.74568e-05 4.50668e-05
5.11114e-05 5.11114e-05 5.11114e-05 4.90249e-05 4.69385e-05 4.69385e-05 4.69385e-05 4.69385e-05 4.90249e-05 5.11114e-05 5.11114e-05 5.11114e-05 4.90249e-05 4.69385e-05 4.69385e-05 4.69385e-05 4.69385e-05 4.90249e-05
4.47651e-05 4.47651e-05 4.47651e-05 5.20558e-05 5.93465e-05 5.93465e-05 5.93465e-05 5.93465e-05 5.20558e-05 4.47651e-05 4.47651e-05 4.47651e-05 5.20558e-05 5.93465e-05 5.93465e-05 5.93465e-05 5.93465e-05 5.20558e-05
4.09209e-05 4.09209e-05 4.09209e-05 5.7975e-05 7.5029e-05 7.5029e-05 7.5029e-05 7.5029e-05 5.7975e-05 4.09209e-05 4.09209e-05 4.09209e-05 5.7975e-05 7.5029e-05 7.5029e-05 7.5029e-05 7.5029e-05 5.7975e-05
4.46554e-05 4.46554e-05 4.46554e-05 6.81995e-05 9.17436e-05 9.17436e-05 9.17436e-05 9.17436e-05 6.81995e-05 4.46554e-05 4.46554e-05 4.46554e-05 6.81995e-05 9.17436e-05 9.17436e-05 9.17436e-05 9.17436e-05 6.81995e-05
5.23707e-05 5.23707e-05 5.23707e-05 7.83824e-05 0.000104394 0.000104394 0.000104394 0.000104394 7.83824e-05 5.23707e-05 5.23707e-05 5.23707e-05 7.83824e-05 0.000104394 0.000104394 0.000104394 0.000104394 7.83824e-05
5.69776e-05 5.69776e-05 5.69776e-05 8.36432e-05 0.000110309 0.000110309 0.000110309 0.000110309 8.36432e-05 5.69776e-05 5.69776e-05 5.69776e-05 8.36432e-05 0.000110309 0.000110309 0.000110309 0.000110309 8.36432e-05
5.66318e-05 5.66318e-05 5.66318e-05 8.54967e-05 0.000114361 0.000114361 0.000114361 0.000114361 8.54967e-05 5.66318e-05 5.66318e-05 5.66318e-05 8.54967e-05 0.000114361 0.000114361 0.000114361 0.000114361 8.54967e-05
5.43462e-05 5.43462e-05 5.43462e-05 8.87708e-05 0.000123195 0.000123195 0.000123195 0.000123195 8.87708e-05 5.43462e-05 5.43462e-05 5.43462e-05 8.87708e-05 0.000123195 0.000123195 0.000123195 0.000123195 8.87708e-05
5.05795e-05 5.05795e-05 5.05795e-05 9.2594e-05 0.000134609 0.000134609 0.000134609 0.000134609 9.2594e-05 5.05795e-05 5.05795e-05 5.05795e-05 9.2594e-05 0.000134609 0.000134609 0.000134609 0.000134609 9.2594e-05
4.29741e-05 4.29741e-05 4.29741e-05 9.10846e-05 0.000139195 0.000139195 0.000139195 0.000139195 9.10846e-05 4.29741e-05 4.29741e-05 4.29741e-05 9.10846e-05 0.000139195 0.000139195 0.000139195 0.000139195 9.10846e-05
3.39143e-05 3.39143e-05 3.39143e-05 8.35857e-05 0.000133257 0.000133257 0.000133257 0.000133257 8.35857e-05 3.39143e-05 3.39143e-05 3.39143e-05 8.35857e-05 0.000133257 0.000133257 0.000133257 0.000133257 8.35857e-05
2.92409e-05 2.92409e-05 2.92409e-05 7.63311e-05 0.000123421 0.000123421 0.000123421 0.000123421 7.63311e-05 2.92409e-05 2.92409e-05 2.92409e-05 7.63311e-05 0.000123421 0.000123421 0.000123421 0.000123421 7.63311e-05
2.87552e-05 2.87552e-05 2.87552e-05 7.29092e-05 0.000117063 0.000117063 0.000117063 0.000117063 7.29092e-05 2.87552e-05 2.87552e-05 2.87552e-05 7.29092e-05 0.000117063 0.000117063 0.000117063 0.000117063 7.29092e-05
2.65723e-05 2.65723e-05 2.65723e-05 7.05976e-05 0.000114623 0.000114623 0.000114623 0.000114623 7.05976e-05 2.65723e-05 2.65723e-05 2.65723e-05 7.05976e-05 0.000114623 0.000114623 0.000114623 0.000114623 7.05976e-05
2.04435e-05 2.04435e-05 2.04435e-05 6.69814e-05 0.000113519 0.000113519 0.000113519 0.000113519 6.69814e-05 2.04435e-05 2.04435e-05 2.04435e-05 6.69814e-05 0.000113519 0.000113519 0.000113519 0.000113519 6.69814e-05
1.52646e-05 1.52646e-05 1.52646e-05 6.44558e-05 0.000113647 0.000113647 0.000113647 0.000113647 6.44558e-05 1.52646e-05 1.52646e-05 1.52646e-05 6.44558e-05 0.000113647 0.000113647 0.000113647 0.000113647 6.44558e-05
1.66458e-05 1.66458e-05 1.66458e-05 6.58576e-05 0.000115069 0.000115069 0.000115069 0.000115069 6.58576e-05 1.66458e-05 1.66458e-05 1.66458e-05 6.58576e-05 0.000115069 0.000115069 0.000115069 0.000115069 6.58576e-05
2.41478e-05 2.41478e-05 2.41478e-05 6.94531e-05 0.000114758 0.000114758 0.000114758 0.000114758 6.94531e-05 2.41478e-05 2.41478e-05 2.41478e-05 6.94531e-05 0.000114758 0.000114758 0.000114758 0.000114758 6.94531e-05
3.36717e-05 3.36717e-05 3.36717e-05 7.19451e-05 0.000110219 0.000110219 0.000110219 0.000110219 7.19451e-05 3.36717e-05 3.36717e-05 3.36717e-05 7.19451e-05 0.000110219 0.000110219 0.000110219 0.000110219 7.19451e-05
4.23316e-05 4.23316e-05 4.23316e-05 7.26392e-05 0.000102947 0.000102947 0.000102947 0.000102947 7.26392e-05 4.23316e-05 4.23316e-05 4.23316e-05 7.26392e-05 0.000102947 0.000102947 0.000102947 0.000102947 7.26392e-05
4.69738e-05 4.69738e-05 4.69738e-05 7.06363e-05 9.42988e-05 9.42988e-05 9.42988e-05 9.42988e-05 7.06363e-05 4.69738e-05 4.69738e-05 4.69738e-05 7.06363e-05 9.42988e-05 9.42988e-05 9.42988e-05 9.42988e-05 7.06363e-05
4.42746e-05 4.42746e-05 4.42746e-05 6.33244e-05 8.23742e-05 8.23742e-05 8.23742e-05 8.23742e-05 6.33244e-05 4.42746e-05 4.42746e-05 4.42746e-05 6.33244e-05 8.23742e-05 8.23742e-05 8.23742e-05 8.23742e-05 6.33244e-05
3.64369e-05 3.64369e-05 3.64369e-05 5.17306e-05 6.70243e-05 6.70243e-05 6.70243e-05 6.70243e-05 5.17306e-05 3.64369e-05 3.64369e-05 3.64369e-05 5.17306e-05 6.70243e-05 6.70243e-05 6.70243e-05 6.70243e-05 5.17306e-05
3.05375e-05 3.05375e-05 3.05375e-05 4.15316e-05 5.25257e-05 5.25257e-05 5.25257e-05 5.25257e-05 4.15316e-05 3.05375e-05 3.05375e-05 3.05375e-05 4.15316e-05 5.25257e-05 5.25257e-05 5.25257e-05 5.25257e-05 4.15316e-05
3.03291e-05 3.03291e-05 3.03291e-05 3.59744e-05 4.16197e-05 4.16197e-05 4.16197e-05 4.16197e-05 3.59744e-05 3.03291e-05 3.03291e-05 3.03291e-05 3.59744e-05 4.16197e-05 4.16197e-05 4.16197e-05 4.16197e-05 3.59744e-05
3.37812e-05 3.37812e-05 3.37812e-05 3.27917e-05 3.18023e-05 3.18023e-05 3.18023e-05 3.18023e-05 3.27917e-05 3.37812e-05 3.37812e-05 3.37812e-05 3.27917e-05 3.18023e-05 3.18023e-05 3.18023e-05 3.18023e-05 3.27917e-05
3.74558e-05 3.74558e-05 3.74558e-05 2.84663e-05 1.94768e-05 1.94768e-05 1.94768e-05 1.94768e-05 2.84663e-05 3.74558e-05 3.74558e-05 3.74558e-05 2.84663e-05 1.94768e-05 1.94768e-05 1.94768e-05 1.94768e-05 2.84663e-05
3.89173e-05 3.89173e-05 3.89173e-05 2.18855e-05 4.85371e-06 4.85371e-06 4.85371e-06 4.85371e-06 2.18855e-05 3.89173e-05 3.89173e-05 3.89173e-05 2.18855e-05 4.85371e-06 4.85371e-06 4.85371e-06 4.85371e-06 2.18855e-05
3.76391e-05 3.76391e-05 3.76391e-05 1.52068e-05 -7.22552e-06 -7.22552e-06 -7.22552e-06 -7.22552e-06 1.52068e-05 3.76391e-05 3.76391e-05 3.76391e-05 1.52068e-05 -7.22552e-06 -7.22552e-06 -7.22552e-06 -7.22552e-06 1.52068e-05
3.63975e-05 3.63975e-05 3.63975e-05 1.22766e-05 -1.18444e-05 -1.18444e-05 -1.18444e-05 -1.18444e-05 1.22766e-05 3.63975e-05 3.63975e-05 3.63975e-05 1.22766e-05 -1.18444e-05 -1.18444e-05 -1.18444e-05 -1.18444e-05 1.22766e-05
3.84148e-05 3.84148e-05 3.84148e-05 1.35209e-05 -1.1373e-05 -1.1373e-05 -1.1373e-05 -1.1373e-05 1.35209e-05 3.84148e-05 3.84148e-05 3.84148e-05 1.35209e-05 -1.1373e-05 -1.1373e-05 -1.1373e-05 -1.1373e-05 1.35209e-05
4.2648e-05 4.2648e-05 4.2648e-05 1.36983e-05 -1.52514e-05 -1.52514e-05 -1.52514e-05 -1.52514e-05 1.36983e-05 4.2648e-05 4.2648e-05 4.2648e-05 1.36983e-05 -1.52514e-05 -1.52514e-05 -1.52514e-05 -1.52514e-05 1.36983e-05
4.58874e-05 4.58874e-05 4.58874e-05 8.3376e-06 -2.92122e-05 -2.92122e-05 -2.92122e-05 -2.92122e-05 8.3376e-06 4.58874e-05 4.58874e-05 4.58874e-05 8.3376e-06 -2.92122e-05 -2.92122e-05 -2.92122e-05 -2.92122e-05 8.3376e-06
4.80863e-05 4.80863e-05 4.80863e-05 4.6214e-07 -4.7162e-05 -4.7162e-05 -4.7162e-05 -4.7162e-05 4.6214e-07 4.80863e-05 4.80863e-05 4.80863e-05 4.6214e-07 -4.7162e-05 -4.7162e-05 -4.7162e-05 -4.7162e-05 4.6214e-07
5.06369e-05 5.06369e-05 5.06369e-05 -3.18935e-06 -5.70156e-05 -5.70156e-05 -5.70156e-05 -5.70156e-05 -3.18935e-06 5.06369e-05 5.06369e-05 5.06369e-05 -3.18935e-06 -5.70156e-05 -5.70156e-05 -5.70156e-05 -5.70156e-05 -3.18935e-06
5.17114e-05 5.17114e-05 5.17114e-05 -9.35854e-07 -5.35831e-05 -5.35831e-05 -5.35831e-05 -5.35831e-05 -9.35854e-07 5.17114e-05 5.17114e-05 5.17114e-05 -9.35854e-07 -5.35831e-05 -5.35831e-05 -5.35831e-05 -5.35831e-05 -9.35854e-07
5.0096e-05 5.0096e-05 5.0096e-05 4.04309e-06 -4.20098e-05 -4.20098e-05 -4.20098e-05 -4.20098e-05 4.04309e-06 5.0096e-05 5.0096e-05 5.0096e-05 4.04309e-06 -4.20098e-05 -4.20098e-05 -4.20098e-05 -4.20098e-05 4.04309e-06
5.07063e-05 5.07063e-05 5.07063e-05 9.96297e-06 -3.07804e-05 -3.07804e-05 -3.07804e-05 -3.07804e-05 9.96297e-06 5.07063e-05 5.07063e-05 5.07063e-05 9.96297e-06 -3.07804e-05 -3.07804e-05 -3.07804e-05 -3.07804e-05 9.96297e-06
5.83315e-05 5.83315e-05 5.83315e-05 1.57607e-05 -2.68101e-05 -2.68101e-05 -2.68101e-05 -2.68101e-05 1.57607e-05 5.83315e-05 5.83315e-05 5.83315e-05 1.57607e-05 -2.68101e-05 -2.68101e-05 -2.68101e-05 -2.68101e-05 1.57607e-05
6.88773e-05 6.88773e-05 6.88773e-05 1.80534e-05 -3.27704e-05 -3.27704e-05 -3.27704e-05 -3.27704e-05 1.80534e-05 6.88773e-05 6.88773e-05 6.88773e-05 1.80534e-05 -3.27704e-05 -3.27704e-05 -3.27704e-05 -3.27704e-05 1.80534e-05
7.32914e-05 7.32914e-05 7.32914e-05 1.53896e-05 -4.25123e-05 -4.25123e-05 -4.25123e-05 -4.25123e-05 1.53896e-05 7.32914e-05 7.32914e-05 7.32914e-05 1.53896e-05 -4.25123e-05 -4.25123e-05 -4.25123e-05 -4.25123e-05 1.53896e-05
6.89973e-05 6.89973e-05 6.89973e-05 1.3113e-05 -4.27714e-05 -4.27714e-05 -4.27714e-05 -4.27714e-05 1.3113e-05 6.89973e-05 6.89973e-05 6.89973e-05 1.3113e-05 -4.27714e-05 -4.27714e-05 -4.27714e-05 -4.27714e-05 1.3113e-05
6.2657e-05 6.2657e-05 6.2657e-05 1.83941e-05 -2.58688e-05 -2.58688e-05 -2.58688e-05 -2.58688e-05 1.83941e-05 6.2657e-05 6.2657e-05 6.2657e-05 1.83941e-05 -2.58688e-05 -2.58688e-05 -2.58688e-05 -2.58688e-05 1.83941e-05
5.94256e-05 5.94256e-05 5.94256e-05 2.90572e-05 -1.3112e-06 -1.3112e-06 -1.3112e-06 -1.3112e-06 2.90572e-05 5.94256e-05 5.94256e-05 5.94256e-05 2.90572e-05 -1.3112e-06 -1.3112e-06 -1.3112e-06 -1.3112e-06 2.90572e-05
5.5954e-05 5.5954e-05 5.5954e-05 3.36668e-05 1.13797e-05 1.13797e-05 1.13797e-05 1.13797e-05 3.36668e-05 5.5954e-05 5.5954e-05 5.5954e-05 3.36668e-05 1.13797e-05 1.13797e-05 1.13797e-05 1.13797e-05 3.36668e-05
4.92877e-05 4.92877e-05 4.92877e-05 2.71836e-05 5.07943e-06 5.07943e-06 5.07943e-06 5.07943e-06 2.71836e-05 4.92877e-05 4.92877e-05 4.92877e-05 2.71836e-05 5.07943e-06 5.07943e-06 5.07943e-06 5.07943e-06 2.71836e-05
4.35602e-05 4.35602e-05 4.35602e-05 1.87139e-05 -6.13232e-06 -6.13232e-06 -6.13232e-06 -6.13232e-06 1.87139e-05 4.35602e-05 4.35602e-05 4.35602e-05 1.87139e-05 -6.13232e-06 -6.13232e-06 -6.13232e-06 -6.13232e-06 1.87139e-05
4.10343e-05 4.10343e-05 4.10343e-05 1.82623e-05 -4.50958e-06 -4.50958e-06 -4.50958e-06 -4.50958e-06 1.82623e-05 4.10343e-05 4.10343e-05 4.10343e-05 1.82623e-05 -4.50958e-06 -4.50958e-06 -4.50958e-06 -4.50958e-06 1.82623e-05
3.62497e-05 3.62497e-05 3.62497e-05 2.41069e-05 1.19642e-05 1.19642e-05 1.19642e-05 1.19642e-05 2.41069e-05 3.62497e-05 3.62497e-05 3.62497e-05 2.41069e-05 1.19642e-05 1.19642e-05 1.19642e-05 1.19642e-05 2.41069e-05
2.54709e-05 2.54709e-05 2.54709e-05 2.84013e-05 3.13317e-05 3.13317e-05 3.13317e-05 3.13317e-05 2.84013e-05 2.54709e-05 2.54709e-05 2.54709e-05 2.84013e-05 3.13317e-05 3.13317e-05 3.13317e-05 3.13317e-05 2.84013e-05
1.30243e-05 1.30243e-05 1.30243e-05 2.74951e-05 4.1966e-05 4.1966e-05 4.1966e-05 4.1966e-05 2.74951e-05 1.30243e-05 1.30243e-05 1.30243e-05 2.74951e-05 4.1966e-05 4.1966e-05 4.1966e-05 4.1966e-05 2.74951e-05
4.56263e-06 4.56263e-06 4.56263e-06 2.2862e-05 4.11613e-05 4.11613e-05 4.11613e-05 4.11613e-05 2.2862e-05 4.56263e-06 4.56263e-06 4.56263e-06 2.2862e-05 4.11613e-05 4.11613e-05 4.11613e-05 4.11613e-05 2.2862e-05
7.09842e-07 7.09842e-07 7.09842e-07 1.75897e-05 3.44695e-05 3.44695e-05 3.44695e-05 3.44695e-05 1.75897e-05 7.09842e-07 7.09842e-07 7.09842e-07 1.75897e-05 3.44695e-05 3.44695e-05 3.44695e-05 3.44695e-05 1.75897e-05
-2.09552e-06 -2.09552e-06 -2.09552e-06 1.43703e-05 3.08362e-05 3.08362e-05 3.08362e-05 3.08362e-05 1.43703e-05 -2.09552e-06 -2.09552e-06 -2.09552e-06 1.43703e-05 3.08362e-05 3.08362e-05 3.08362e-05 3.08362e-05 1.43703e-05
-8.07411e-06 -8.07411e-06 -8.07411e-06 1.41446e-05 3.63633e-05 3.63633e-05 3.63633e-05 3.63633e-05 1.41446e-05 -8.07411e-06 -8.07411e-06 -8.07411e-06 1.41446e-05 3.63633e-05 3.63633e-05 3.63633e-05 3.63633e-05 1.41446e-05
-1.90079e-05 -1.90079e-05 -1.90079e-05 1.512e-05 4.92479e-05 4.92479e-05 4.92479e-05 4.92479e-05 1.512e-05 -1.90079e-05 -1.90079e-05 -1.90079e-05 1.512e-05 4.92479e-05 4.92479e-05 4.92479e-05 4.92479e-05 1.512e-05
-3.22188e-05 -3.22188e-05 -3.22188e-05 1.44397e-05 6.10982e-05 6.10982e-05 6.10982e-05 6.10982e-05 1.44397e-05 -3.22188e-05 -3.22188e-05 -3.22188e-05 1.44397e-05 6.10982e-05 6.10982e-05 6.10982e-05 6.10982e-05 1.44397e-05
-4.10202e-05 -4.10202e-05 -4.10202e-05 1.2163e-05 6.53462e-05 6.53462e-05 6.53462e-05 6.53462e-05 1.2163e-05 -4.10202e-05 -4.10202e-05 -4.10202e-05 1.2163e-05 6.53462e-05 6.53462e-05 6.53462e-05 6.53462e-05 1.2163e-05
-4.07484e-05 -4.07484e-05 -4.07484e-05 1.16297e-05 6.40077e-05 6.40077e-05 6.40077e-05 6.40077e-05 1.16297e-05 -4.07484e-05 -4.07484e-05 -4.07484e-05 1.16297e-05 6.40077e-05 6.40077e-05 6.40077e-05 6.40077e-05 1.16297e-05
-3.52803e-05 -3.52803e-05 -3.52803e-05 1.43563e-05 6.39929e-05 6.39929e-05 6.39929e-05 6.39929e-05 1.43563e-05 -3.52803e-05 -3.52803e-05 -3.52803e-05 1.43563e-05 6.39929e-05 6.39929e-05 6.39929e-05 6.39929e-05 1.43563e-05
-3.27283e-05 -3.27283e-05 -3.27283e-05 1.73929e-05 6.75142e-05 6.75142e-05 6.75142e-05 6.75142e-05 1.73929e-05 -3.27283e-05 -3.27283e-05 -3.27283e-05 1.73929e-05 6.75142e-05 6.75142e-05 6.75142e-05 6.75142e-05 1.73929e-05
-3.44108e-05 -3.44108e-05 -3.44108e-05 1.80558e-05 7.05224e-05 7.05224e-05 7.05224e-05 7.05224e-05 1.80558e-05 -3.44108e-05 -3.44108e-05 -3.44108e-05 1.80558e-05 7.05224e-05 7.05224e-05 7.05224e-05 7.05224e-05 1.80558e-05
-3.41646e-05 -3.41646e-05 -3.41646e-05 1.80162e-05 7.01971e-05 7.01971e-05 7.01971e-05 7.01971e-05 1.80162e-05 -3.41646e-05 -3.41646e-05 -3.41646e-05 1.80162e-05 7.01971e-05 7.01971e-05 7.01971e-05 7.01971e-05 1.80162e-05
-2.83105e-05 -2.83105e-05 -2.83105e-05 2.01923e-05 6.86951e-05 6.86951e-05 6.86951e-05 6.86951e-05 2.01923e-05 -2.83105e-05 -2.83105e-05 -2.83105e-05 2.01923e-05 6.86951e-05 6.86951e-05 6.86951e-05 6.86951e-05 2.01923e-05
-1.84037e-05 -1.84037e-05 -1.84037e-05 2.57359e-05 6.98754e-05 6.98754e-05 6.98754e-05 6.98754e-05 2.57359e-05 -1.84037e-05 -1.84037e-05 -1.84037e-05 2.57359e-05 6.98754e-05 6.98754e-05 6.98754e-05 6.98754e-05 2.57359e-05
-6.36078e-06 -6.36078e-06 -6.36078e-06 3.42067e-05 7.47742e-05 7.47742e-05 7.47742e-05 7.47742e-05 3.42067e-05 -6.36078e-06 -6.36078e-06 -6.36078e-06 3.42067e-05 7.47742e-05 7.47742e-05 7.47742e-05 7.47742e-05 3.42067e-05
4.127e-06 4.127e-06 4.127e-06 4.17196e-05 7.93123e-05 7.93123e-05 7.93123e-05 7.93123e-05 4.17196e-05 4.127e-06 4.127e-06 4.127e-06 4.17196e-05 7.93123e-05 7.93123e-05 7.93123e-05 7.93123e-05 4.17196e-05
6.99278e-06 6.99278e-06 6.99278e-06 4.23126e-05 7.76324e-05 7.76324e-05 7.76324e-05 7.76324e-05 4.23126e-05 6.99278e-06 6.99278e-06 6.99278e-06 4.23126e-05 7.76324e-05 7.76324e-05 7.76324e-05 7.76324e-05 4.23126e-05
3.39024e-06 3.39024e-06 3.39024e-06 3.61697e-05 6.89491e-05 6.89491e-05 6.89491e-05 6.89491e-05 3.61697e-05 3.39024e-06 3.39024e-06 3.39024e-06 3.61697e-05 6.89491e-05 6.89491e-05 6.89491e-05 6.89491e-05 3.61697e-05
4.38538e-06 4.38538e-06 4.38538e-06 3.16615e-05 5.89377e-05 5.89377e-05 5.89377e-05 5.89377e-05 3.16615e-05 4.38538e-06 4.38538e-06 4.38538e-06 3.16615e-05 5.89377e-05 5.89377e-05 5.89377e-05 5.89377e-05 3.16615e-05
1.64215e-05 1.64215e-05 1.64215e-05 3.47777e-05 5.31339e-05 5.31339e-05 5.31339e-05 5.31339e-05 3.47777e-05 1.64215e-05 1.64215e-05 1.64215e-05 3.47777e-05 5.31339e-05 5.31339e-05 5.31339e-05 5.31339e-05 3.47777e-05
3.18739e-05 3.18739e-05 3.18739e-05 4.13938e-05 5.09137e-05 5.09137e-05 5.09137e-05 5.09137e-05 4.13938e-05 3.18739e-05 3.18739e-05 3.18739e-05 4.13938e-05 5.09137e-05 5.09137e-05 5.09137e-05 5.09137e-05 4.13938e-05
4.03663e-05 4.03663e-05 4.03663e-05 4.39764e-05 4.75866e-05 4.75866e-05 4.75866e-05 4.75866e-05 4.39764e-05 4.03663e-05 4.03663e-05 4.03663e-05 4.39764e-05 4.75866e-05 4.75866e-05 4.75866e-05 4.75866e-05 4.39764e-05
4.23757e-05 4.23757e-05 4.23757e-05 4.13058e-05 4.02359e-05 4.02359e-05 4.02359e-05 4.02359e-05 4.13058e-05 4.23757e-05 4.23757e-05 4.23757e-05 4.13058e-05 4.02359e-05 4.02359e-05 4.02359e-05 4.02359e-05 4.13058e-05
4.6627e-05 4.6627e-05 4.6627e-05 3.8658e-05 3.06891e-05 3.06891e-05 3.06891e-05 3.06891e-05 3.8658e-05 4.6627e-05 4.6627e-05 4.6627e-05 3.8658e-05 3.06891e-05 3.06891e-05 3.06891e-05 3.06891e-05 3.8658e-05
5.95429e-05 5.95429e-05 5.95429e-05 4.23937e-05 2.52446e-05 2.52446e-05 2.52446e-05 2.52446e-05 4.23937e-05 5.95429e-05 5.95429e-05 5.95429e-05 4.23937e-05 2.52446e-05 2.52446e-05 2.52446e-05 2.52446e-05 4.23937e-05
7.93218e-05 7.93218e-05 7.93218e-05 5.41503e-05 2.89788e-05 2.89788e-05 2.89788e-05 2.89788e-05 5.41503e-05 7.93218e-05 7.93218e-05 7.93218e-05 5.41503e-05 2.89788e-05 2.89788e-05 2.89788e-05 2.89788e-05 5.41503e-05
9.56085e-05 9.56085e-05 9.56085e-05 6.6433e-05 3.72576e-05 3.72576e-05 3.72576e-05 3.72576e-05 6.6433e-05 9.56085e-05 9.56085e-05 9.56085e-05 6.6433e-05 3.72576e-05 3.72576e-05 3.72576e-05 3.72576e-05 6.6433e-05
9.77835e-05 9.77835e-05 9.77835e-05 6.81256e-05 3.84678e-05 3.84678e-05 3.84678e-05 3.84678e-05 6.81256e-05 9.77835e-05 9.77835e-05 9.77835e-05 6.81256e-05 3.84678e-05 3.84678e-05 3.84678e-05 3.84678e-05 6.81256e-05
8.88143e-05 8.88143e-05 8.88143e-05 5.85032e-05 2.81921e-05 2.81921e-05 2.81921e-05 2.81921e-05 5.85032e-05 8.88143e-05 8.88143e-05 8.88143e-05 5.85032e-05 2.81921e-05 2.81921e-05 2.81921e-05 2.81921e-05 5.85032e-05
8.50898e-05 8.50898e-05 8.50898e-05 4.98174e-05 1.45451e-05 1.45451e-05 1.45451e-05 1.45451e-05 4.98174e-05 8.50898e-05 8.50898e-05 8.50898e-05 4.98174e-05 1.45451e-05 1.45451e-05 1.45451e-05 1.45451e-05 4.98174e-05
9.66499e-05 9.66499e-05 9.66499e-05 5.15478e-05 6.44574e-06 6.44574e-06 6.44574e-06 6.44574e-06 5.15478e-05 9.66499e-05 9.66499e-05 9.66499e-05 5.15478e-05 6.44574e-06 6.44574e-06 6.44574e-06 6.44574e-06 5.15478e-05
0.000114007 0.000114007 0.000114007 5.84572e-05 2.90701e-06 2.90701e-06 2.90701e-06 2.90701e-06 5.84572e-05 0.000114007 0.000114007 0.000114007 5.84572e-05 2.90701e-06 2.90701e-06 2.90701e-06 2.90701e-06 5.84572e-05
0.00012015 0.00012015 0.00012015 5.9482e-05 -1.18575e-06 -1.18575e-06 -1.18575e-06 -1.18575e-06 5.9482e-05 0.00012015 0.00012015 0.00012015 5.9482e-05 -1.18575e-06 -1.18575e-06 -1.18575e-06 -1.18575e-06 5.9482e-05
0.000108073 0.000108073 0.000108073 5.11234e-05 -5.82622e-06 -5.82622e-06 -5.82622e-06 -5.82622e-06 5.11234e-05 0.000108073 0.000108073 0.000108073 5.11234e-05 -5.82622e-06 -5.82622e-06 -5.82622e-06 -5.82622e-06 5.11234e-05
8.33284e-05 8.33284e-05 8.33284e-05 3.71163e-05 -9.09579e-06 -9.09579e-06 -9.09579e-06 -9.09579e-06 3.71163e-05 8.33284e-05 8.33284e-05 8.33284e-05 3.71163e-05 -9.09579e-06 -9.09579e-06 -9.09579e-06 -9.09579e-06 3.71163e-05
5.9118e-05 5.9118e-05 5.9118e-05 2.33703e-05 -1.23775e-05 -1.23775e-05 -1.23775e-05 -1.23775e-05 2.33703e-05 5.9118e-05 5.9118e-05 5.9118e-05 2.33703e-05 -1.23775e-05 -1.23775e-05 -1.23775e-05 -1.23775e-05 2.33703e-05
5.01887e-05 5.01887e-05 5.01887e-05 1.70158e-05 -1.61572e-05 -1.61572e-05 -1.61572e-05 -1.61572e-05 1.70158e-05 5.01887e-05 5.01887e-05 5.01887e-05 1.70158e-05 -1.61572e-05 -1.61572e-05 -1.61572e-05 -1.61572e-05 1.70158e-05
6.00115e-05 6.00115e-05 6.00115e-05 2.13565e-05 -1.72986e-05 -1.72986e-05 -1.72986e-05 -1.72986e-05 2.13565e-05 6.00115e-05 6.00115e-05 6.00115e-05 2.13565e-05 -1.72986e-05 -1.72986e-05 -1.72986e-05 -1.72986e-05 2.13565e-05
7.09165e-05 7.09165e-05 7.09165e-05 2.73438e-05 -1.62289e-05 -1.62289e-05 -1.62289e-05 -1.62289e-05 2.73438e-05 7.09165e-05 7.09165e-05 7.09165e-05 2.73438e-05 -1.62289e-05 -1.62289e-05 -1.62289e-05 -1.62289e-05 2.73438e-05
5.8721e-05 5.8721e-05 5.8721e-05 1.92548e-05 -2.02113e-05 -2.02113e-05 -2.02113e-05 -2.02113e-05 1.92548e-05 5.8721e-05 5.8721e-05 5.8721e-05 1.92548e-05 -2.02113e-05 -2.02113e-05 -2.02113e-05 -2.02113e-05 1.92548e-05
2.23049e-05 2.23049e-05 2.23049e-05 -4.96261e-06 -3.22301e-05 -3.22301e-05 -3.22301e-05 -3.22301e-05 -4.96261e-06 2.23049e-05 2.23049e-05 2.23049e-05 -4.96261e-06 -3.22301e-05 -3.22301e-05 -3.22301e-05 -3.22301e-05 -4.96261e-06
-1.31331e-05 -1.31331e-05 -1.31331e-05 -2.82912e-05 -4.34493e-05 -4.34493e-05 -4.34493e-05 -4.34493e-05 -2.82912e-05 -1.31331e-05 -1.31331e-05 -1.31331e-05 -2.82912e-05 -4.34493e-05 -4.34493e-05 -4.34493e-05 -4.34493e-05 -2.82912e-05
-2.6737e-05 -2.6737e-05 -2.6737e-05 -3.61401e-05 -4.55433e-05 -4.55433e-05 -4.55433e-05 -4.55433e-05 -3.61401e-05 -2.6737e-05 -2.6737e-05 -2.6737e-05 -3.61401e-05 -4.55433e-05 -4.55433e-05 -4.55433e-05 -4.55433e-05 -3.61401e-05
-2.36657e-05 -2.36657e-05 -2.36657e-05 -3.33956e-05 -4.31256e-05 -4.31256e-05 -4.31256e-05 -4.31256e-05 -3.33956e-05 -2.36657e-05 -2.36657e-05 -2.36657e-05 -3.33956e-05 -4.31256e-05 -4.31256e-05 -4.31256e-05 -4.31256e-05 -3.33956e-05
-2.3232e-05 -2.3232e-05 -2.3232e-05 -3.42224e-05 -4.52129e-05 -4.52129e-05 -4.52129e-05 -4.52129e-05 -3.42224e-05 -2.3232e-05 -2.3232e-05 -2.3232e-05 -3.42224e-05 -4.52129e-05 -4.52129e-05 -4.52129e-05 -4.52129e-05 -3.42224e-05
-3.86783e-05 -3.86783e-05 -3.86783e-05 -4.53476e-05 -5.20169e-05 -5.20169e-05 -5.20169e-05 -5.20169e-05 -4.53476e-05 -3.86783e-05 -3.86783e-05 -3.86783e-05 -4.53476e-05 -5.20169e-05 -5.20169e-05 -5.20169e-05 -5.20169e-05 -4.53476e-05
-7.05529e-05 -7.05529e-05 -7.05529e-05 -6.36342e-05 -5.67154e-05 -5.67154e-05 -5.67154e-05 -5.67154e-05 -6.36342e-05 -7.05529e-05 -7.05529e-05 -7.05529e-05 -6.36342e-05 -5.67154e-05 -5.67154e-05 -5.67154e-05 -5.67154e-05 -6.36342e-05
-0.000106964 -0.000106964 -0.000106964 -8.12522e-05 -5.55405e-05 -5.55405e-05 -5.55405e-05 -5.55405e-05 -8.12522e-05 -0.000106964 -0.000106964 -0.000106964 -8.12522e-05 -5.55405e-05 -5.55405e-05 -5.55405e-05 -5.55405e-05 -8.12522e-05
-0.000129067 -0.000129067 -0.000129067 -9.04709e-05 -5.1875e-05 -5.1875e-05 -5.1875e-05 -5.1875e-05 -9.04709e-05 -0.000129067 -0.000129067 -0.000129067 -9.04709e-05 -5.1875e-05 -5.1875e-05 -5.1875e-05 -5.1875e-05 -9.04709e-05
-0.000127434 -0.000127434 -0.000127434 -8.94113e-05 -5.13883e-05 -5.13883e-05 -5.13883e-05 -5.13883e-05 -8.94113e-05 -0.000127434 -0.000127434 -0.000127434 -8.94113e-05 -5.13883e-05 -5.13883e-05 -5.13883e-05 -5.13883e-05 -8.94113e-05
-0.000114791 -0.000114791 -0.000114791 -8.58054e-05 -5.68198e-05 -5.68198e-05 -5.68198e-05 -5.68198e-05 -8.58054e-05 -0.000114791 -0.000114791 -0.000114791 -8.58054e-05 -5.68198e-05 -5.68198e-05 -5.68198e-05 -5.68198e-05 -8.58054e-05
-0.000113785 -0.000113785 -0.000113785 -8.98418e-05 -6.58988e-05 -6.58988e-05 -6.58988e-05 -6.58988e-05 -8.98418e-05 -0.000113785 -0.000113785 -0.000113785 -8.98418e-05 -6.58988e-05 -6.58988e-05 -6.58988e-05 -6.58988e-05 -8.98418e-05
-0.000131048 -0.000131048 -0.000131048 -0.000100889 -7.07307e-05 -7.07307e-05 -7.07307e-05 -7.07307e-05 -0.000100889 -0.000131048 -0.000131048 -0.000131048 -0.000100889 -7.07307e-05 -7.07307e-05 -7.07307e-05 -7.07307e-05 -0.000100889
-0.000150483 -0.000150483 -0.000150483 -0.000106864 -6.32461e-05 -6.32461e-05 -6.32461e-05 -6.32461e-05 -0.000106864 -0.000150483 -0.000150483 -0.000150483 -0.000106864 -6.32461e-05 -6.32461e-05 -6.32461e-05 -6.32461e-05 -0.000106864
-0.00015215 -0.00015215 -0.00015215 -9.84527e-05 -4.47554e-05 -4.47554e-05 -4.47554e-05 -4.47554e-05 -9.84527e-05 -0.00015215 -0.00015215 -0.00015215 -9.84527e-05 -4.47554e-05 -4.47554e-05 -4.47554e-05 -4.47554e-05 -9.84527e-05
-0.000132428 -0.000132428 -0.000132428 -7.97312e-05 -2.70343e-05 -2.70343e-05 -2.70343e-05 -2.70343e-05 -7.97312e-05 -0.000132428 -0.000132428 -0.000132428 -7.97312e-05 -2.70343e-05 -2.70343e-05 -2.70343e-05 -2.70343e-05 -7.97312e-05
-0.000105605 -0.000105605 -0.000105605 -6.34839e-05 -2.13623e-05 -2.13623e-05 -2.13623e-05 -2.13623e-05 -6.34839e-05 -0.000105605 -0.000105605 -0.000105605 -6.34839e-05 -2.13623e-05 -2.13623e-05 -2.13623e-05 -2.13623e-05 -6.34839e-05
-9.05391e-05 -9.05391e-05 -9.05391e-05 -5.91119e-05 -2.76847e-05 -2.76847e-05 -2.76847e-05 -2.76847e-05 -5.91119e-05 -9.05391e-05 -9.05391e-05 -9.05391e-05 -5.91119e-05 -2.76847e-05 -2.76847e-05 -2.76847e-05 -2.76847e-05 -5.91119e-05
-9.58985e-05 -9.58985e-05 -9.58985e-05 -6.59139e-05 -3.59293e-05 -3.59293e-05 -3.59293e-05 -3.59293e-05 -6.59139e-05 -9.58985e-05 -9.58985e-05 -9.58985e-05 -6.59139e-05 -3.59293e-05 -3.59293e-05 -3.59293e-05 -3.59293e-05 -6.59139e-05
-0.000111648 -0.000111648 -0.000111648 -7.38504e-05 -3.60526e-05 -3.60526e-05 -3.60526e-05 -3.60526e-05 -7.38504e-05 -0.000111648 -0.000111648 -0.000111648 -7.38504e-05 -3.60526e-05 -3.60526e-05 -3.60526e-05 -3.60526e-05 -7.38504e-05
-0.000115361 -0.000115361 -0.000115361 -7.08365e-05 -2.63116e-05 -2.63116e-05 -2.63116e-05 -2.63116e-05 -7.08365e-05 -0.000115361 -0.000115361 -0.000115361 -7.08365e-05 -2.63116e-05 -2.63116e-05 -2.63116e-05 -2.63116e-05 -7.08365e-05
-9.44671e-05 -9.44671e-05 -9.44671e-05 -5.48598e-05 -1.52524e-05 -1.52524e-05 -1.52524e-05 -1.52524e-05 -5.48598e-05 -9.44671e-05 -9.44671e-05 -9.44671e-05 -5.48598e-05 -1.52524e-05 -1.52524e-05 -1.52524e-05 -1.52524e-05 -5.48598e-05
-6.08025e-05 -6.08025e-05 -6.08025e-05 -3.75567e-05 -1.43109e-05 -1.43109e-05 -1.43109e-05 -1.43109e-05 -3.75567e-05 -6.08025e-05 -6.08025e-05 -6.08025e-05 -3.75567e-05 -1.43109e-05 -1.43109e-05 -1.43109e-05 -1.43109e-05 -3.75567e-05
-3.77726e-05 -3.77726e-05 -3.77726e-05 -3.12463e-05 -2.472e-05 -2.472e-05 -2.472e-05 -2.472e-05 -3.12463e-05 -3.77726e-05 -3.77726e-05 -3.77726e-05 -3.12463e-05 -2.472e-05 -2.472e-05 -2.472e-05 -2.472e-05 -3.12463e-05
-3.50771e-05 -3.50771e-05 -3.50771e-05 -3.45197e-05 -3.39624e-05 -3.39624e-05 -3.39624e-05 -3.39624e-05 -3.45197e-05 -3.50771e-05 -3.50771e-05 -3.50771e-05 -3.45197e-05 -3.39624e-05 -3.39624e-05 -3.39624e-05 -3.39624e-05 -3.45197e-05
-3.94206e-05 -3.94206e-05 -3.94206e-05 -3.35646e-05 -2.77086e-05 -2.77086e-05 -2.77086e-05 -2.77086e-05 -3.35646e-05 -3.94206e-05 -3.94206e-05 -3.94206e-05 -3.35646e-05 -2.77086e-05 -2.77086e-05 -2.77086e-05 -2.77086e-05 -3.35646e-05
-2.89841e-05 -2.89841e-05 -2.89841e-05 -1.66713e-05 -4.3584e-06 -4.3584e-06 -4.3584e-06 -4.3584e-06 -1.66713e-05 -2.89841e-05 -2.89841e-05 -2.89841e-05 -1.66713e-05 -4.3584e-06 -4.3584e-06 -4.3584e-06 -4.3584e-06 -1.66713e-05
4.39279e-06 4.39279e-06 4.39279e-06 1.34021e-05 2.24114e-05 2.24114e-05 2.24114e-05 2.24114e-05 1.34021e-05 4.39279e-06 4.39279e-06 4.39279e-06 1.34021e-05 2.24114e-05 2.24114e-05 2.24114e-05 2.24114e-05 1.34021e-05
4.70467e-05 4.70467e-05 4.70467e-05 4.1287e-05 3.55273e-05 3.55273e-05 3.55273e-05 3.55273e-05 4.1287e-05 4.70467e-05 4.70467e-05 4.70467e-05 4.1287e-05 3.55273e-05 3.55273e-05 3.55273e-05 3.55273e-05 4.1287e-05
7.69202e-05 7.69202e-05 7.69202e-05 5.35065e-05 3.00928e-05 3.00928e-05 3.00928e-05 3.00928e-05 5.35065e-05 7.69202e-05 7.69202e-05 7.69202e-05 5.35065e-05 3.00928e-05 3.00928e-05 3.00928e-05 3.00928e-05 5.35065e-05
8.36784e-05 8.36784e-05 8.36784e-05 5.04108e-05 1.71432e-05 1.71432e-05 1.71432e-05 1.71432e-05 5.04108e-05 8.36784e-05 8.36784e-05 8.36784e-05 5.04108e-05 1.71432e-05 1.71432e-05 1.71432e-05 1.71432e-05 5.04108e-05
7.70615e-05 7.70615e-05 7.70615e-05 4.47732e-05 1.2485e-05 1.2485e-05 1.2485e-05 1.2485e-05 4.47732e-05 7.70615e-05 7.70615e-05 7.70615e-05 4.47732e-05 1.2485e-05 1.2485e-05 1.2485e-05 1.2485e-05 4.47732e-05
7.83361e-05 7.83361e-05 7.83361e-05 5.03383e-05 2.23405e-05 2.23405e-05 2.23405e-05 2.23405e-05 5.03383e-05 7.83361e-05 7.83361e-05 7.83361e-05 5.03383e-05 2.23405e-05 2.23405e-05 2.23405e-05 2.23405e-05 5.03383e-05
0.000101023 0.000101023 0.000101023 6.99922e-05 3.89611e-05 3.89611e-05 3.89611e-05 3.89611e-05 6.99922e-05 0.000101023 0.000101023 0.000101023 6.99922e-05 3.89611e-05 3.89611e-05 3.89611e-05 3.89611e-05 6.99922e-05
0.000137459 0.000137459 0.000137459 9.40026e-05 5.05457e-05 5.05457e-05 5.05457e-05 5.05457e-05 9.40026e-05 0.000137459 0.000137459 0.000137459 9.40026e-05 5.05457e-05 5.05457e-05 5.05457e-05 5.05457e-05 9.40026e-05
0.000165321 0.000165321 0.000165321 0.000109646 5.39717e-05 5.39717e-05 5.39717e-05 5.39717e-05 0.000109646 0.000165321 0.000165321 0.000165321 0.000109646 5.39717e-05 5.39717e-05 5.39717e-05 5.39717e-05 0.000109646
0.00016929 0.00016929 0.00016929 0.000112791 5.62927e-05 5.62927e-05 5.62927e-05 5.62927e-05 0.000112791 0.00016929 0.00016929 0.00016929 0.000112791 5.62927e-05 5.62927e-05 5.62927e-05 5.62927e-05 0.000112791
0.000156877 0.000156877 0.000156877 0.000111709 6.65407e-05 6.65407e-05 6.65407e-05 6.65407e-05 0.000111709 0.000156877 0.000156877 0.000156877 0.000111709 6.65407e-05 6.65407e-05 6.65407e-05 6.65407e-05 0.000111709
0.000151491 0.000151491 0.000151491 0.000119095 8.66992e-05 8.66992e-05 8.66992e-05 8.66992e-05 0.000119095 0.000151491 0.000151491 0.000151491 0.000119095 8.66992e-05 8.66992e-05 8.66992e-05 8.66992e-05 0.000119095
0.00016872 0.00016872 0.00016872 0.000138561 0.000108402 0.000108402 0.000108402 0.000108402 0.000138561 0.00016872 0.00016872 0.00016872 0.000138561 0.000108402 0.000108402 0.000108402 0.000108402 0.000138561
0.0001995 0.0001995 0.0001995 0.000159182 0.000118864 0.000118864 0.000118864 0.000118864 0.000159182 0.0001995 0.0001995 0.0001995 0.000159182 0.000118864 0.000118864 0.000118864 0.000118864 0.000159182
0.000218797 0.000218797 0.000218797 0.000166012 0.000113227 0.000113227 0.000113227 0.000113227 0.000166012 0.000218797 0.000218797 0.000218797 0.000166012 0.000113227 0.000113227 0.000113227 0.000113227 0.000166012
0.000211226 0.000211226 0.000211226 0.000156717 0.000102209 0.000102209 0.000102209 0.000102209 0.000156717 0.000211226 0.000211226 0.000211226 0.000156717 0.000102209 0.000102209 0.000102209 0.000102209 0.000156717
0.000185355 0.000185355 0.000185355 0.000144044 0.000102733 0.000102733 0.000102733 0.000102733 0.000144044 0.000185355 0.000185355 0.000185355 0.000144044 0.000102733 0.000102733 0.000102733 0.000102733 0.000144044
