1
12
12
7
7
7
1
1
6
1
7
7
7
11
1
6
1
6
11
1
7
7
7
4
4
1
5
5
13
13
4
1
5
3
4
6
1
6
14
9
4
1
12
12
12
12
5
5
4
13
13
13
13
13
13
13
1
6
1
6
3
1
2
2
2
2
7
7
7
14
14
14
14
14
14
14
14
14
14
2
13
2
13
2
13
13
13
13
9
13
13
13
13
3
16
16
5
2
2
3
3
3
2
2
2
2
2
2
2
2
2
2
24
9
15
3
2
2
13
2
13
10
13
16
13
7
7
7
24
9
15
3
3
3
3
3
3
2
2
2
2
2
2
2
2
2
2
2
2
5
16
14
13
2
13
13
13
13
13
13
13
13
13
9
13
13
13
13
13
13
13
13
13
3
2
2
1
2
2
2
2
7
7
7
14
14
14
14
14
14
14
14
14
14
3
3
1
6
1
6
14
3
1
3
5
14
14
14
13
1
13
13
3
3
6
1
6
14
9
5
3
1
13
12
12
12
5
3
3
1
1
2
2
7
7
7
8
1
6
8
7
7
7
11
1
6
1
6
11
1
7
7
7
3
3
1
1
2
2
7
7
7
8
1
6
8
7
7
7
11
1
6
1
6
11
1
7
7
7
3
3
1
5
13
12
12
12
1
5
3
3
6
1
6
14
9
3
13
13
1
13
14
14
14
5
3
1
3
14
3
1
6
1
6
3
1
2
2
2
2
7
7
7
14
14
14
14
14
14
14
14
14
14
2
2
14
13
2
13
13
13
13
13
13
13
13
13
9
13
13
13
13
13
13
13
13
13
3
16
5
2
2
3
3
3
3
3
2
2
2
2
2
2
2
2
2
2
24
9
15
3
2
2
13
2
13
10
13
16
13
7
7
7
24
9
15
3
3
3
3
2
2
2
2
2
2
2
2
2
2
2
2
5
16
16
13
2
13
13
13
13
9
13
13
13
13
3
2
13
2
1
2
2
2
2
7
7
7
14
14
14
14
14
14
14
14
14
14
3
6
1
6
4
13
13
13
13
13
13
13
1
5
5
12
12
12
12
4
1
4
6
1
6
14
9
5
3
4
1
13
13
5
5
4
4
1
1
12
12
7
7
7
1
1
6
1
7
7
7
11
1
6
1
6
11
1
7
7
7
