-0.000869145 -0.000869145 -0.000869145 -0.000727909 -0.000586672 -0.000586672 -0.000586672 -0.000586672 -0.000727909 -0.000869145 -0.000869145 -0.000869145 -0.000727909 -0.000586672 -0.000586672 -0.000586672 -0.000586672 -0.000727909
-0.0116813 -0.0116813 -0.0116813 -0.00906668 -0.00645208 -0.00645208 -0.00645208 -0.00645208 -0.00906668 -0.0116813 -0.0116813 -0.0116813 -0.00906668 -0.00645208 -0.00645208 -0.00645208 -0.00645208 -0.00906668
-0.0839597 -0.0839597 -0.0839597 -0.0684558 -0.0529519 -0.0529519 -0.0529519 -0.0529519 -0.0684558 -0.0839597 -0.0839597 -0.0839597 -0.0684558 -0.0529519 -0.0529519 -0.0529519 -0.0529519 -0.0684558
-0.310894 -0.310894 -0.310894 -0.260739 -0.210583 -0.210583 -0.210583 -0.210583 -0.260739 -0.310894 -0.310894 -0.310894 -0.260739 -0.210583 -0.210583 -0.210583 -0.210583 -0.260739
-0.740117 -0.740117 -0.740117 -0.631005 -0.521894 -0.521894 -0.521894 -0.521894 -0.631005 -0.740117 -0.740117 -0.740117 -0.631005 -0.521894 -0.521894 -0.521894 -0.521894 -0.631005
-1.33679 -1.33679 -1.33679 -1.15541 -0.974022 -0.974022 -0.974022 -0.974022 -1.15541 -1.33679 -1.33679 -1.33679 -1.15541 -0.974022 -0.974022 -0.974022 -0.974022 -1.15541
-2.02026 -2.02026 -2.02026 -1.77186 -1.52345 -1.52345 -1.52345 -1.52345 -1.77186 -2.02026 -2.02026 -2.02026 -1.77186 -1.52345 -1.52345 -1.52345 -1.52345 -1.77186
-2.67762 -2.67762 -2.67762 -2.39047 -2.10331 -2.10331 -2.10331 -2.10331 -2.39047 -2.67762 -2.67762 -2.67762 -2.39047 -2.10331 -2.10331 -2.10331 -2.10331 -2.39047
-3.1787 -3.1787 -3.1787 -2.9 -2.62131 -2.62131 -2.62131 -2.62131 -2.9 -3.1787 -3.1787 -3.1787 -2.9 -2.62131 -2.62131 -2.62131 -2.62131 -2.9
-3.42315 -3.42315 -3.42315 -3.19577 -2.96839 -2.96839 -2.96839 -2.96839 -3.19577 -3.42315 -3.42315 -3.42315 -3.19577 -2.96839 -2.96839 -2.96839 -2.96839 -3.19577
-3.45234 -3.45234 -3.45234 -3.28184 -3.11133 -3.11133 -3.11133 -3.11133 -3.28184 -3.45234 -3.45234 -3.45234 -3.28184 -3.11133 -3.11133 -3.11133 -3.11133 -3.28184
-3.47625 -3.47625 -3.47625 -3.31979 -3.16334 -3.16334 -3.16334 -3.16334 -3.31979 -3.47625 -3.47625 -3.47625 -3.31979 -3.16334 -3.16334 -3.16334 -3.16334 -3.31979
-3.62916 -3.62916 -3.62916 -3.43019 -3.23122 -3.23122 -3.23122 -3.23122 -3.43019 -3.62916 -3.62916 -3.62916 -3.43019 -3.23122 -3.23122 -3.23122 -3.23122 -3.43019
-3.78246 -3.78246 -3.78246 -3.52181 -3.26117 -3.26117 -3.26117 -3.26117 -3.52181 -3.78246 -3.78246 -3.78246 -3.52181 -3.26117 -3.26117 -3.26117 -3.26117 -3.52181
-3.77867 -3.77867 -3.77867 -3.48603 -3.19338 -3.19338 -3.19338 -3.19338 -3.48603 -3.77867 -3.77867 -3.77867 -3.48603 -3.19338 -3.19338 -3.19338 -3.19338 -3.48603
-3.71715 -3.71715 -3.71715 -3.44416 -3.17116 -3.17116 -3.17116 -3.17116 -3.44416 -3.71715 -3.71715 -3.71715 -3.44416 -3.17116 -3.17116 -3.17116 -3.17116 -3.44416
-3.76589 -3.76589 -3.76589 -3.568 -3.3701 -3.3701 -3.3701 -3.3701 -3.568 -3.76589 -3.76589 -3.76589 -3.568 -3.3701 -3.3701 -3.3701 -3.3701 -3.568
-3.86122 -3.86122 -3.86122 -3.78405 -3.70687 -3.70687 -3.70687 -3.70687 -3.78405 -3.86122 -3.86122 -3.86122 -3.78405 -3.70687 -3.70687 -3.70687 -3.70687 -3.78405
-3.80807 -3.80807 -3.80807 -3.85965 -3.91124 -3.91124 -3.91124 -3.91124 -3.85965 -3.80807 -3.80807 -3.80807 -3.85965 -3.91124 -3.91124 -3.91124 -3.91124 -3.85965
-3.54233 -3.54233 -3.54233 -3.69426 -3.84619 -3.84619 -3.84619 -3.84619 -3.69426 -3.54233 -3.54233 -3.54233 -3.69426 -3.84619 -3.84619 -3.84619 -3.84619 -3.69426
-3.25704 -3.25704 -3.25704 -3.47105 -3.68506 -3.68506 -3.68506 -3.68506 -3.47105 -3.25704 -3.25704 -3.25704 -3.47105 -3.68506 -3.68506 -3.68506 -3.68506 -3.47105
-3.23744 -3.23744 -3.23744 -3.46406 -3.69067 -3.69067 -3.69067 -3.69067 -3.46406 -3.23744 -3.23744 -3.23744 -3.46406 -3.69067 -3.69067 -3.69067 -3.69067 -3.46406
-3.46445 -3.46445 -3.46445 -3.64685 -3.82926 -3.82926 -3.82926 -3.82926 -3.64685 -3.46445 -3.46445 -3.46445 -3.64685 -3.82926 -3.82926 -3.82926 -3.82926 -3.64685
-3.55853 -3.55853 -3.55853 -3.68084 -3.80315 -3.80315 -3.80315 -3.80315 -3.68084 -3.55853 -3.55853 -3.55853 -3.68084 -3.80315 -3.80315 -3.80315 -3.80315 -3.68084
-3.24995 -3.24995 -3.24995 -3.36997 -3.48999 -3.48999 -3.48999 -3.48999 -3.36997 -3.24995 -3.24995 -3.24995 -3.36997 -3.48999 -3.48999 -3.48999 -3.48999 -3.36997
-2.72375 -2.72375 -2.72375 -2.93375 -3.14374 -3.14374 -3.14374 -3.14374 -2.93375 -2.72375 -2.72375 -2.72375 -2.93375 -3.14374 -3.14374 -3.14374 -3.14374 -2.93375
-2.40093 -2.40093 -2.40093 -2.75164 -3.10235 -3.10235 -3.10235 -3.10235 -2.75164 -2.40093 -2.40093 -2.40093 -2.75164 -3.10235 -3.10235 -3.10235 -3.10235 -2.75164
-2.45776 -2.45776 -2.45776 -2.92404 -3.39032 -3.39032 -3.39032 -3.39032 -2.92404 -2.45776 -2.45776 -2.45776 -2.92404 -3.39032 -3.39032 -3.39032 -3.39032 -2.92404
-2.57384 -2.57384 -2.57384 -3.10716 -3.64049 -3.64049 -3.64049 -3.64049 -3.10716 -2.57384 -2.57384 -2.57384 -3.10716 -3.64049 -3.64049 -3.64049 -3.64049 -3.10716
-2.2246 -2.2246 -2.2246 -2.82899 -3.43337 -3.43337 -3.43337 -3.43337 -2.82899 -2.2246 -2.2246 -2.2246 -2.82899 -3.43337 -3.43337 -3.43337 -3.43337 -2.82899
-1.32639 -1.32639 -1.32639 -2.0316 -2.73682 -2.73682 -2.73682 -2.73682 -2.0316 -1.32639 -1.32639 -1.32639 -2.0316 -2.73682 -2.73682 -2.73682 -2.73682 -2.0316
-0.418522 -0.418522 -0.418522 -1.18178 -1.94505 -1.94505 -1.94505 -1.94505 -1.18178 -0.418522 -0.418522 -0.418522 -1.18178 -1.94505 -1.94505 -1.94505 -1.94505 -1.18178
-0.0525903 -0.0525903 -0.0525903 -0.745837 -1.43908 -1.43908 -1.43908 -1.43908 -0.745837 -0.0525903 -0.0525903 -0.0525903 -0.745837 -1.43908 -1.43908 -1.43908 -1.43908 -0.745837
-0.133891 -0.133891 -0.133891 -0.646232 -1.15857 -1.15857 -1.15857 -1.15857 -0.646232 -0.133891 -0.133891 -0.133891 -0.646232 -1.15857 -1.15857 -1.15857 -1.15857 -0.646232
-0.0234568 -0.0234568 -0.0234568 -0.366554 -0.709651 -0.709651 -0.709651 -0.709651 -0.366554 -0.0234568 -0.0234568 -0.0234568 -0.366554 -0.709651 -0.709651 -0.709651 -0.709651 -0.366554
0.675218 0.675218 0.675218 0.364231 0.0532443 0.0532443 0.0532443 0.0532443 0.364231 0.675218 0.675218 0.675218 0.364231 0.0532443 0.0532443 0.0532443 0.0532443 0.364231
1.59924 1.59924 1.59924 1.15766 0.716085 0.716085 0.716085 0.716085 1.15766 1.59924 1.59924 1.59924 1.15766 0.716085 0.716085 0.716085 0.716085 1.15766
2.05929 2.05929 2.05929 1.41723 0.775165 0.775165 0.775165 0.775165 1.41723 2.05929 2.05929 2.05929 1.41723 0.775165 0.775165 0.775165 0.775165 1.41723
1.83639 1.83639 1.83639 1.07734 0.318287 0.318287 0.318287 0.318287 1.07734 1.83639 1.83639 1.83639 1.07734 0.318287 0.318287 0.318287 0.318287 1.07734
1.34667 1.34667 1.34667 0.669108 -0.00844847 -0.00844847 -0.00844847 -0.00844847 0.669108 1.34667 1.34667 1.34667 0.669108 -0.00844847 -0.00844847 -0.00844847 -0.00844847 0.669108
1.12655 1.12655 1.12655 0.708169 0.289786 0.289786 0.289786 0.289786 0.708169 1.12655 1.12655 1.12655 0.708169 0.289786 0.289786 0.289786 0.289786 0.708169
1.3912 1.3912 1.3912 1.25071 1.11022 1.11022 1.11022 1.11022 1.25071 1.3912 1.3912 1.3912 1.25071 1.11022 1.11022 1.11022 1.11022 1.25071
1.99443 1.99443 1.99443 1.99582 1.99721 1.99721 1.99721 1.99721 1.99582 1.99443 1.99443 1.99443 1.99582 1.99721 1.99721 1.99721 1.99721 1.99582
2.54967 2.54967 2.54967 2.55772 2.56576 2.56576 2.56576 2.56576 2.55772 2.54967 2.54967 2.54967 2.55772 2.56576 2.56576 2.56576 2.56576 2.55772
2.68865 2.68865 2.68865 2.70041 2.71217 2.71217 2.71217 2.71217 2.70041 2.68865 2.68865 2.68865 2.70041 2.71217 2.71217 2.71217 2.71217 2.70041
2.40892 2.40892 2.40892 2.52204 2.63516 2.63516 2.63516 2.63516 2.52204 2.40892 2.40892 2.40892 2.52204 2.63516 2.63516 2.63516 2.63516 2.52204
2.11227 2.11227 2.11227 2.3958 2.67934 2.67934 2.67934 2.67934 2.3958 2.11227 2.11227 2.11227 2.3958 2.67934 2.67934 2.67934 2.67934 2.3958
2.16078 2.16078 2.16078 2.58219 3.0036 3.0036 3.0036 3.0036 2.58219 2.16078 2.16078 2.16078 2.58219 3.0036 3.0036 3.0036 3.0036 2.58219
2.43767 2.43767 2.43767 2.89004 3.34242 3.34242 3.34242 3.34242 2.89004 2.43767 2.43767 2.43767 2.89004 3.34242 3.34242 3.34242 3.34242 2.89004
2.49129 2.49129 2.49129 2.8789 3.2665 3.2665 3.2665 3.2665 2.8789 2.49129 2.49129 2.49129 2.8789 3.2665 3.2665 3.2665 3.2665 2.8789
2.04981 2.04981 2.04981 2.39934 2.74888 2.74888 2.74888 2.74888 2.39934 2.04981 2.04981 2.04981 2.39934 2.74888 2.74888 2.74888 2.74888 2.39934
1.26701 1.26701 1.26701 1.77047 2.27394 2.27394 2.27394 2.27394 1.77047 1.26701 1.26701 1.26701 1.77047 2.27394 2.27394 2.27394 2.27394 1.77047
0.485288 0.485288 0.485288 1.36209 2.23888 2.23888 2.23888 2.23888 1.36209 0.485288 0.485288 0.485288 1.36209 2.23888 2.23888 2.23888 2.23888 1.36209
-0.0897024 -0.0897024 -0.0897024 1.17911 2.44793 2.44793 2.44793 2.44793 1.17911 -0.0897024 -0.0897024 -0.0897024 1.17911 2.44793 2.44793 2.44793 2.44793 1.17911
-0.416362 -0.416362 -0.416362 0.998749 2.41386 2.41386 2.41386 2.41386 0.998749 -0.416362 -0.416362 -0.416362 0.998749 2.41386 2.41386 2.41386 2.41386 0.998749
-0.588778 -0.588778 -0.588778 0.671617 1.93201 1.93201 1.93201 1.93201 0.671617 -0.588778 -0.588778 -0.588778 0.671617 1.93201 1.93201 1.93201 1.93201 0.671617
-0.89696 -0.89696 -0.89696 0.125844 1.14865 1.14865 1.14865 1.14865 0.125844 -0.89696 -0.89696 -0.89696 0.125844 1.14865 1.14865 1.14865 1.14865 0.125844
-1.53765 -1.53765 -1.53765 -0.596138 0.345372 0.345372 0.345372 0.345372 -0.596138 -1.53765 -1.53765 -1.53765 -0.596138 0.345372 0.345372 0.345372 0.345372 -0.596138
-2.22252 -2.22252 -2.22252 -1.20517 -0.187818 -0.187818 -0.187818 -0.187818 -1.20517 -2.22252 -2.22252 -2.22252 -1.20517 -0.187818 -0.187818 -0.187818 -0.187818 -1.20517
-2.50051 -2.50051 -2.50051 -1.42231 -0.344108 -0.344108 -0.344108 -0.344108 -1.42231 -2.50051 -2.50051 -2.50051 -1.42231 -0.344108 -0.344108 -0.344108 -0.344108 -1.42231
-2.35405 -2.35405 -2.35405 -1.34529 -0.336536 -0.336536 -0.336536 -0.336536 -1.34529 -2.35405 -2.35405 -2.35405 -1.34529 -0.336536 -0.336536 -0.336536 -0.336536 -1.34529
-2.14733 -2.14733 -2.14733 -1.31584 -0.484337 -0.484337 -0.484337 -0.484337 -1.31584 -2.14733 -2.14733 -2.14733 -1.31584 -0.484337 -0.484337 -0.484337 -0.484337 -1.31584
-2.15168 -2.15168 -2.15168 -1.48481 -0.817932 -0.817932 -0.817932 -0.817932 -1.48481 -2.15168 -2.15168 -2.15168 -1.48481 -0.817932 -0.817932 -0.817932 -0.817932 -1.48481
-2.25668 -2.25668 -2.25668 -1.61809 -0.979502 -0.979502 -0.979502 -0.979502 -1.61809 -2.25668 -2.25668 -2.25668 -1.61809 -0.979502 -0.979502 -0.979502 -0.979502 -1.61809
-2.12318 -2.12318 -2.12318 -1.40115 -0.67912 -0.67912 -0.67912 -0.67912 -1.40115 -2.12318 -2.12318 -2.12318 -1.40115 -0.67912 -0.67912 -0.67912 -0.67912 -1.40115
-1.62805 -1.62805 -1.62805 -0.902972 -0.177899 -0.177899 -0.177899 -0.177899 -0.902972 -1.62805 -1.62805 -1.62805 -0.902972 -0.177899 -0.177899 -0.177899 -0.177899 -0.902972
-0.986356 -0.986356 -0.986356 -0.504796 -0.0232356 -0.0232356 -0.0232356 -0.0232356 -0.504796 -0.986356 -0.986356 -0.986356 -0.504796 -0.0232356 -0.0232356 -0.0232356 -0.0232356 -0.504796
-0.402593 -0.402593 -0.402593 -0.373229 -0.343865 -0.343865 -0.343865 -0.343865 -0.373229 -0.402593 -0.402593 -0.402593 -0.373229 -0.343865 -0.343865 -0.343865 -0.343865 -0.373229
0.104606 0.104606 0.104606 -0.310796 -0.726199 -0.726199 -0.726199 -0.726199 -0.310796 0.104606 0.104606 0.104606 -0.310796 -0.726199 -0.726199 -0.726199 -0.726199 -0.310796
0.531554 0.531554 0.531554 -0.128241 -0.788036 -0.788036 -0.788036 -0.788036 -0.128241 0.531554 0.531554 0.531554 -0.128241 -0.788036 -0.788036 -0.788036 -0.788036 -0.128241
0.84547 0.84547 0.84547 0.127601 -0.590268 -0.590268 -0.590268 -0.590268 0.127601 0.84547 0.84547 0.84547 0.127601 -0.590268 -0.590268 -0.590268 -0.590268 0.127601
1.11595 1.11595 1.11595 0.360506 -0.394936 -0.394936 -0.394936 -0.394936 0.360506 1.11595 1.11595 1.11595 0.360506 -0.394936 -0.394936 -0.394936 -0.394936 0.360506
1.49931 1.49931 1.49931 0.626067 -0.247172 -0.247172 -0.247172 -0.247172 0.626067 1.49931 1.49931 1.49931 0.626067 -0.247172 -0.247172 -0.247172 -0.247172 0.626067
2.03047 2.03047 2.03047 1.00423 -0.0220133 -0.0220133 -0.0220133 -0.0220133 1.00423 2.03047 2.03047 2.03047 1.00423 -0.0220133 -0.0220133 -0.0220133 -0.0220133 1.00423
2.49759 2.49759 2.49759 1.37762 0.257651 0.257651 0.257651 0.257651 1.37762 2.49759 2.49759 2.49759 1.37762 0.257651 0.257651 0.257651 0.257651 1.37762
2.72399 2.72399 2.72399 1.59794 0.471886 0.471886 0.471886 0.471886 1.59794 2.72399 2.72399 2.72399 1.59794 0.471886 0.471886 0.471886 0.471886 1.59794
2.90818 2.90818 2.90818 1.78349 0.658795 0.658795 0.658795 0.658795 1.78349 2.90818 2.90818 2.90818 1.78349 0.658795 0.658795 0.658795 0.658795 1.78349
3.3399 3.3399 3.3399 2.10505 0.870199 0.870199 0.870199 0.870199 2.10505 3.3399 3.3399 3.3399 2.10505 0.870199 0.870199 0.870199 0.870199 2.10505
3.94755 3.94755 3.94755 2.45012 0.952694 0.952694 0.952694 0.952694 2.45012 3.94755 3.94755 3.94755 2.45012 0.952694 0.952694 0.952694 0.952694 2.45012
4.50567 4.50567 4.50567 2.68947 0.873269 0.873269 0.873269 0.873269 2.68947 4.50567 4.50567 4.50567 2.68947 0.873269 0.873269 0.873269 0.873269 2.68947
5.00578 5.00578 5.00578 3.02753 1.04928 1.04928 1.04928 1.04928 3.02753 5.00578 5.00578 5.00578 3.02753 1.04928 1.04928 1.04928 1.04928 3.02753
5.48148 5.48148 5.48148 3.68283 1.88418 1.88418 1.88418 1.88418 3.68283 5.48148 5.48148 5.48148 3.68283 1.88418 1.88418 1.88418 1.88418 3.68283
5.82968 5.82968 5.82968 4.48042 3.13116 3.13116 3.13116 3.13116 4.48042 5.82968 5.82968 5.82968 4.48042 3.13116 3.13116 3.13116 3.13116 4.48042
6.05618 6.05618 6.05618 5.09071 4.12523 4.12523 4.12523 4.12523 5.09071 6.05618 6.05618 6.05618 5.09071 4.12523 4.12523 4.12523 4.12523 5.09071
6.40453 6.40453 6.40453 5.49515 4.58577 4.58577 4.58577 4.58577 5.49515 6.40453 6.40453 6.40453 5.49515 4.58577 4.58577 4.58577 4.58577 5.49515
7.0442 7.0442 7.0442 5.95229 4.86037 4.86037 4.86037 4.86037 5.95229 7.0442 7.0442 7.0442 5.95229 4.86037 4.86037 4.86037 4.86037 5.95229
7.74053 7.74053 7.74053 6.53572 5.33092 5.33092 5.33092 5.33092 6.53572 7.74053 7.74053 7.74053 6.53572 5.33092 5.33092 5.33092 5.33092 6.53572
8.04855 8.04855 8.04855 6.98277 5.91699 5.91699 5.91699 5.91699 6.98277 8.04855 8.04855 8.04855 6.98277 5.91699 5.91699 5.91699 5.91699 6.98277
7.84485 7.84485 7.84485 7.08945 6.33405 6.33405 6.33405 6.33405 7.08945 7.84485 7.84485 7.84485 7.08945 6.33405 6.33405 6.33405 6.33405 7.08945
7.48838 7.48838 7.48838 7.02719 6.56601 6.56601 6.56601 6.56601 7.02719 7.48838 7.48838 7.48838 7.02719 6.56601 6.56601 6.56601 6.56601 7.02719
7.4041 7.4041 7.4041 7.11855 6.83301 6.83301 6.83301 6.83301 7.11855 7.4041 7.4041 7.4041 7.11855 6.83301 6.83301 6.83301 6.83301 7.11855
7.56658 7.56658 7.56658 7.38942 7.21226 7.21226 7.21226 7.21226 7.38942 7.56658 7.56658 7.56658 7.38942 7.21226 7.21226 7.21226 7.21226 7.38942
7.50391 7.50391 7.50391 7.5264 7.54889 7.54889 7.54889 7.54889 7.5264 7.50391 7.50391 7.50391 7.5264 7.54889 7.54889 7.54889 7.54889 7.5264
6.85639 6.85639 6.85639 7.29116 7.72592 7.72592 7.72592 7.72592 7.29116 6.85639 6.85639 6.85639 7.29116 7.72592 7.72592 7.72592 7.72592 7.29116
5.78032 5.78032 5.78032 6.77703 7.77374 7.77374 7.77374 7.77374 6.77703 5.78032 5.78032 5.78032 6.77703 7.77374 7.77374 7.77374 7.77374 6.77703
4.78755 4.78755 4.78755 6.25811 7.72867 7.72867 7.72867 7.72867 6.25811 4.78755 4.78755 4.78755 6.25811 7.72867 7.72867 7.72867 7.72867 6.25811
4.29161 4.29161 4.29161 5.92665 7.56168 7.56168 7.56168 7.56168 5.92665 4.29161 4.29161 4.29161 5.92665 7.56168 7.56168 7.56168 7.56168 5.92665
4.18463 4.18463 4.18463 5.69997 7.2153 7.2153 7.2153 7.2153 5.69997 4.18463 4.18463 4.18463 5.69997 7.2153 7.2153 7.2153 7.2153 5.69997
3.85516 3.85516 3.85516 5.26339 6.67161 6.67161 6.67161 6.67161 5.26339 3.85516 3.85516 3.85516 5.26339 6.67161 6.67161 6.67161 6.67161 5.26339
2.84375 2.84375 2.84375 4.42466 6.00557 6.00557 6.00557 6.00557 4.42466 2.84375 2.84375 2.84375 4.42466 6.00557 6.00557 6.00557 6.00557 4.42466
1.38572 1.38572 1.38572 3.37262 5.35951 5.35951 5.35951 5.35951 3.37262 1.38572 1.38572 1.38572 3.37262 5.35951 5.35951 5.35951 5.35951 3.37262
0.109613 0.109613 0.109613 2.47758 4.84554 4.84554 4.84554 4.84554 2.47758 0.109613 0.109613 0.109613 2.47758 4.84554 4.84554 4.84554 4.84554 2.47758
-0.630918 -0.630918 -0.630918 1.90222 4.43537 4.43537 4.43537 4.43537 1.90222 -0.630918 -0.630918 -0.630918 1.90222 4.43537 4.43537 4.43537 4.43537 1.90222
-1.02065 -1.02065 -1.02065 1.46655 3.95374 3.95374 3.95374 3.95374 1.46655 -1.02065 -1.02065 -1.02065 1.46655 3.95374 3.95374 3.95374 3.95374 1.46655
-1.51603 -1.51603 -1.51603 0.857632 3.2313 3.2313 3.2313 3.2313 0.857632 -1.51603 -1.51603 -1.51603 0.857632 3.2313 3.2313 3.2313 3.2313 0.857632
-2.37615 -2.37615 -2.37615 -0.0585868 2.25897 2.25897 2.25897 2.25897 -0.0585868 -2.37615 -2.37615 -2.37615 -0.0585868 2.25897 2.25897 2.25897 2.25897 -0.0585868
-3.50066 -3.50066 -3.50066 -1.16292 1.17481 1.17481 1.17481 1.17481 -1.16292 -3.50066 -3.50066 -3.50066 -1.16292 1.17481 1.17481 1.17481 1.17481 -1.16292
-4.59812 -4.59812 -4.59812 -2.22653 0.145054 0.145054 0.145054 0.145054 -2.22653 -4.59812 -4.59812 -4.59812 -2.22653 0.145054 0.145054 0.145054 0.145054 -2.22653
-5.31834 -5.31834 -5.31834 -3.02583 -0.733325 -0.733325 -0.733325 -0.733325 -3.02583 -5.31834 -5.31834 -5.31834 -3.02583 -0.733325 -0.733325 -0.733325 -0.733325 -3.02583
-5.4818 -5.4818 -5.4818 -3.48973 -1.49766 -1.49766 -1.49766 -1.49766 -3.48973 -5.4818 -5.4818 -5.4818 -3.48973 -1.49766 -1.49766 -1.49766 -1.49766 -3.48973
-5.39857 -5.39857 -5.39857 -3.85159 -2.30462 -2.30462 -2.30462 -2.30462 -3.85159 -5.39857 -5.39857 -5.39857 -3.85159 -2.30462 -2.30462 -2.30462 -2.30462 -3.85159
-5.64629 -5.64629 -5.64629 -4.45858 -3.27088 -3.27088 -3.27088 -3.27088 -4.45858 -5.64629 -5.64629 -5.64629 -4.45858 -3.27088 -3.27088 -3.27088 -3.27088 -4.45858
-6.4019 -6.4019 -6.4019 -5.36945 -4.33699 -4.33699 -4.33699 -4.33699 -5.36945 -6.4019 -6.4019 -6.4019 -5.36945 -4.33699 -4.33699 -4.33699 -4.33699 -5.36945
-7.18519 -7.18519 -7.18519 -6.23264 -5.2801 -5.2801 -5.2801 -5.2801 -6.23264 -7.18519 -7.18519 -7.18519 -6.23264 -5.2801 -5.2801 -5.2801 -5.2801 -6.23264
-7.29114 -7.29114 -7.29114 -6.56774 -5.84434 -5.84434 -5.84434 -5.84434 -6.56774 -7.29114 -7.29114 -7.29114 -6.56774 -5.84434 -5.84434 -5.84434 -5.84434 -6.56774
-6.59711 -6.59711 -6.59711 -6.32918 -6.06125 -6.06125 -6.06125 -6.06125 -6.32918 -6.59711 -6.59711 -6.59711 -6.32918 -6.06125 -6.06125 -6.06125 -6.06125 -6.32918
-5.8541 -5.8541 -5.8541 -6.12224 -6.39037 -6.39037 -6.39037 -6.39037 -6.12224 -5.8541 -5.8541 -5.8541 -6.12224 -6.39037 -6.39037 -6.39037 -6.39037 -6.12224
-5.78535 -5.78535 -5.78535 -6.50132 -7.2173 -7.2173 -7.2173 -7.2173 -6.50132 -5.78535 -5.78535 -5.78535 -6.50132 -7.2173 -7.2173 -7.2173 -7.2173 -6.50132
-6.19941 -6.19941 -6.19941 -7.26334 -8.32727 -8.32727 -8.32727 -8.32727 -7.26334 -6.19941 -6.19941 -6.19941 -7.26334 -8.32727 -8.32727 -8.32727 -8.32727 -7.26334
-6.34531 -6.34531 -6.34531 -7.7225 -9.09969 -9.09969 -9.09969 -9.09969 -7.7225 -6.34531 -6.34531 -6.34531 -7.7225 -9.09969 -9.09969 -9.09969 -9.09969 -7.7225
-5.7215 -5.7215 -5.7215 -7.42309 -9.12468 -9.12468 -9.12468 -9.12468 -7.42309 -5.7215 -5.7215 -5.7215 -7.42309 -9.12468 -9.12468 -9.12468 -9.12468 -7.42309
-4.41281 -4.41281 -4.41281 -6.48741 -8.56201 -8.56201 -8.56201 -8.56201 -6.48741 -4.41281 -4.41281 -4.41281 -6.48741 -8.56201 -8.56201 -8.56201 -8.56201 -6.48741
-3.02228 -3.02228 -3.02228 -5.49962 -7.97696 -7.97696 -7.97696 -7.97696 -5.49962 -3.02228 -3.02228 -3.02228 -5.49962 -7.97696 -7.97696 -7.97696 -7.97696 -5.49962
-2.27886 -2.27886 -2.27886 -5.06913 -7.85941 -7.85941 -7.85941 -7.85941 -5.06913 -2.27886 -2.27886 -2.27886 -5.06913 -7.85941 -7.85941 -7.85941 -7.85941 -5.06913
-2.41755 -2.41755 -2.41755 -5.32148 -8.22541 -8.22541 -8.22541 -8.22541 -5.32148 -2.41755 -2.41755 -2.41755 -5.32148 -8.22541 -8.22541 -8.22541 -8.22541 -5.32148
-2.86652 -2.86652 -2.86652 -5.73108 -8.59564 -8.59564 -8.59564 -8.59564 -5.73108 -2.86652 -2.86652 -2.86652 -5.73108 -8.59564 -8.59564 -8.59564 -8.59564 -5.73108
-2.66596 -2.66596 -2.66596 -5.53482 -8.40369 -8.40369 -8.40369 -8.40369 -5.53482 -2.66596 -2.66596 -2.66596 -5.53482 -8.40369 -8.40369 -8.40369 -8.40369 -5.53482
-1.39045 -1.39045 -1.39045 -4.47294 -7.55542 -7.55542 -7.55542 -7.55542 -4.47294 -1.39045 -1.39045 -1.39045 -4.47294 -7.55542 -7.55542 -7.55542 -7.55542 -4.47294
0.330045 0.330045 0.330045 -3.10719 -6.54443 -6.54443 -6.54443 -6.54443 -3.10719 0.330045 0.330045 0.330045 -3.10719 -6.54443 -6.54443 -6.54443 -6.54443 -3.10719
1.39443 1.39443 1.39443 -2.26917 -5.93277 -5.93277 -5.93277 -5.93277 -2.26917 1.39443 1.39443 1.39443 -2.26917 -5.93277 -5.93277 -5.93277 -5.93277 -2.26917
1.34454 1.34454 1.34454 -2.21249 -5.76951 -5.76951 -5.76951 -5.76951 -2.21249 1.34454 1.34454 1.34454 -2.21249 -5.76951 -5.76951 -5.76951 -5.76951 -2.21249
0.800343 0.800343 0.800343 -2.37125 -5.54284 -5.54284 -5.54284 -5.54284 -2.37125 0.800343 0.800343 0.800343 -2.37125 -5.54284 -5.54284 -5.54284 -5.54284 -2.37125
0.744171 0.744171 0.744171 -1.99843 -4.74104 -4.74104 -4.74104 -4.74104 -1.99843 0.744171 0.744171 0.744171 -1.99843 -4.74104 -4.74104 -4.74104 -4.74104 -1.99843
1.44324 1.44324 1.44324 -1.00042 -3.44409 -3.44409 -3.44409 -3.44409 -1.00042 1.44324 1.44324 1.44324 -1.00042 -3.44409 -3.44409 -3.44409 -3.44409 -1.00042
2.27059 2.27059 2.27059 0.00689638 -2.25679 -2.25679 -2.25679 -2.25679 0.00689638 2.27059 2.27059 2.27059 0.00689638 -2.25679 -2.25679 -2.25679 -2.25679 0.00689638
2.53858 2.53858 2.53858 0.448094 -1.64239 -1.64239 -1.64239 -1.64239 0.448094 2.53858 2.53858 2.53858 0.448094 -1.64239 -1.64239 -1.64239 -1.64239 0.448094
2.20132 2.20132 2.20132 0.398358 -1.4046 -1.4046 -1.4046 -1.4046 0.398358 2.20132 2.20132 2.20132 0.398358 -1.4046 -1.4046 -1.4046 -1.4046 0.398358
1.69132 1.69132 1.69132 0.360477 -0.970369 -0.970369 -0.970369 -0.970369 0.360477 1.69132 1.69132 1.69132 0.360477 -0.970369 -0.970369 -0.970369 -0.970369 0.360477
1.40599 1.40599 1.40599 0.652492 -0.101006 -0.101006 -0.101006 -0.101006 0.652492 1.40599 1.40599 1.40599 0.652492 -0.101006 -0.101006 -0.101006 -0.101006 0.652492
1.44346 1.44346 1.44346 1.18249 0.921521 0.921521 0.921521 0.921521 1.18249 1.44346 1.44346 1.44346 1.18249 0.921521 0.921521 0.921521 0.921521 1.18249
1.62732 1.62732 1.62732 1.69406 1.7608 1.7608 1.7608 1.7608 1.69406 1.62732 1.62732 1.62732 1.69406 1.7608 1.7608 1.7608 1.7608 1.69406
1.71928 1.71928 1.71928 2.07816 2.43704 2.43704 2.43704 2.43704 2.07816 1.71928 1.71928 1.71928 2.07816 2.43704 2.43704 2.43704 2.43704 2.07816
1.53616 1.53616 1.53616 2.34627 3.15638 3.15638 3.15638 3.15638 2.34627 1.53616 1.53616 1.53616 2.34627 3.15638 3.15638 3.15638 3.15638 2.34627
1.01703 1.01703 1.01703 2.46836 3.91969 3.91969 3.91969 3.91969 2.46836 1.01703 1.01703 1.01703 2.46836 3.91969 3.91969 3.91969 3.91969 2.46836
0.417579 0.417579 0.417579 2.50285 4.58812 4.58812 4.58812 4.58812 2.50285 0.417579 0.417579 0.417579 2.50285 4.58812 4.58812 4.58812 4.58812 2.50285
0.146643 0.146643 0.146643 2.65292 5.15919 5.15919 5.15919 5.15919 2.65292 0.146643 0.146643 0.146643 2.65292 5.15919 5.15919 5.15919 5.15919 2.65292
0.239801 0.239801 0.239801 2.9342 5.6286 5.6286 5.6286 5.6286 2.9342 0.239801 0.239801 0.239801 2.9342 5.6286 5.6286 5.6286 5.6286 2.9342
0.26359 0.26359 0.26359 3.02519 5.78679 5.78679 5.78679 5.78679 3.02519 0.26359 0.26359 0.26359 3.02519 5.78679 5.78679 5.78679 5.78679 3.02519
-0.219825 -0.219825 -0.219825 2.64789 5.51561 5.51561 5.51561 5.51561 2.64789 -0.219825 -0.219825 -0.219825 2.64789 5.51561 5.51561 5.51561 5.51561 2.64789
-1.20032 -1.20032 -1.20032 1.96312 5.12656 5.12656 5.12656 5.12656 1.96312 -1.20032 -1.20032 -1.20032 1.96312 5.12656 5.12656 5.12656 5.12656 1.96312
-2.19447 -2.19447 -2.19447 1.4473 5.08908 5.08908 5.08908 5.08908 1.4473 -2.19447 -2.19447 -2.19447 1.4473 5.08908 5.08908 5.08908 5.08908 1.4473
-2.69123 -2.69123 -2.69123 1.38004 5.45131 5.45131 5.45131 5.45131 1.38004 -2.69123 -2.69123 -2.69123 1.38004 5.45131 5.45131 5.45131 5.45131 1.38004
-2.62559 -2.62559 -2.62559 1.56329 5.75216 5.75216 5.75216 5.75216 1.56329 -2.62559 -2.62559 -2.62559 1.56329 5.75216 5.75216 5.75216 5.75216 1.56329
-2.36851 -2.36851 -2.36851 1.60203 5.57258 5.57258 5.57258 5.57258 1.60203 -2.36851 -2.36851 -2.36851 1.60203 5.57258 5.57258 5.57258 5.57258 1.60203
-2.39046 -2.39046 -2.39046 1.27858 4.94763 4.94763 4.94763 4.94763 1.27858 -2.39046 -2.39046 -2.39046 1.27858 4.94763 4.94763 4.94763 4.94763 1.27858
-2.93683 -2.93683 -2.93683 0.58612 4.10907 4.10907 4.10907 4.10907 0.58612 -2.93683 -2.93683 -2.93683 0.58612 4.10907 4.10907 4.10907 4.10907 0.58612
-3.80177 -3.80177 -3.80177 -0.324883 3.152 3.152 3.152 3.152 -0.324883 -3.80177 -3.80177 -3.80177 -0.324883 3.152 3.152 3.152 3.152 -0.324883
-4.42552 -4.42552 -4.42552 -1.12022 2.18508 2.18508 2.18508 2.18508 -1.12022 -4.42552 -4.42552 -4.42552 -1.12022 2.18508 2.18508 2.18508 2.18508 -1.12022
-4.39377 -4.39377 -4.39377 -1.4719 1.44997 1.44997 1.44997 1.44997 -1.4719 -4.39377 -4.39377 -4.39377 -1.4719 1.44997 1.44997 1.44997 1.44997 -1.4719
-3.88286 -3.88286 -3.88286 -1.44246 0.997931 0.997931 0.997931 0.997931 -1.44246 -3.88286 -3.88286 -3.88286 -1.44246 0.997931 0.997931 0.997931 0.997931 -1.44246
-3.47495 -3.47495 -3.47495 -1.47349 0.527963 0.527963 0.527963 0.527963 -1.47349 -3.47495 -3.47495 -3.47495 -1.47349 0.527963 0.527963 0.527963 0.527963 -1.47349
-3.49953 -3.49953 -3.49953 -1.8585 -0.217465 -0.217465 -0.217465 -0.217465 -1.8585 -3.49953 -3.49953 -3.49953 -1.8585 -0.217465 -0.217465 -0.217465 -0.217465 -1.8585
-3.73517 -3.73517 -3.73517 -2.41396 -1.09275 -1.09275 -1.09275 -1.09275 -2.41396 -3.73517 -3.73517 -3.73517 -2.41396 -1.09275 -1.09275 -1.09275 -1.09275 -2.41396
-3.71799 -3.71799 -3.71799 -2.74504 -1.7721 -1.7721 -1.7721 -1.7721 -2.74504 -3.71799 -3.71799 -3.71799 -2.74504 -1.7721 -1.7721 -1.7721 -1.7721 -2.74504
-3.22012 -3.22012 -3.22012 -2.74105 -2.26197 -2.26197 -2.26197 -2.26197 -2.74105 -3.22012 -3.22012 -3.22012 -2.74105 -2.26197 -2.26197 -2.26197 -2.26197 -2.74105
-2.4869 -2.4869 -2.4869 -2.71037 -2.93383 -2.93383 -2.93383 -2.93383 -2.71037 -2.4869 -2.4869 -2.4869 -2.71037 -2.93383 -2.93383 -2.93383 -2.93383 -2.71037
-1.95224 -1.95224 -1.95224 -2.93747 -3.92271 -3.92271 -3.92271 -3.92271 -2.93747 -1.95224 -1.95224 -1.95224 -2.93747 -3.92271 -3.92271 -3.92271 -3.92271 -2.93747
-1.70796 -1.70796 -1.70796 -3.26703 -4.8261 -4.8261 -4.8261 -4.8261 -3.26703 -1.70796 -1.70796 -1.70796 -3.26703 -4.8261 -4.8261 -4.8261 -4.8261 -3.26703
-1.48128 -1.48128 -1.48128 -3.38838 -5.29547 -5.29547 -5.29547 -5.29547 -3.38838 -1.48128 -1.48128 -1.48128 -3.38838 -5.29547 -5.29547 -5.29547 -5.29547 -3.38838
-1.12397 -1.12397 -1.12397 -3.34941 -5.57485 -5.57485 -5.57485 -5.57485 -3.34941 -1.12397 -1.12397 -1.12397 -3.34941 -5.57485 -5.57485 -5.57485 -5.57485 -3.34941
-0.705412 -0.705412 -0.705412 -3.36498 -6.02455 -6.02455 -6.02455 -6.02455 -3.36498 -0.705412 -0.705412 -0.705412 -3.36498 -6.02455 -6.02455 -6.02455 -6.02455 -3.36498
-0.205392 -0.205392 -0.205392 -3.35322 -6.50105 -6.50105 -6.50105 -6.50105 -3.35322 -0.205392 -0.205392 -0.205392 -3.35322 -6.50105 -6.50105 -6.50105 -6.50105 -3.35322
0.420197 0.420197 0.420197 -3.12655 -6.67329 -6.67329 -6.67329 -6.67329 -3.12655 0.420197 0.420197 0.420197 -3.12655 -6.67329 -6.67329 -6.67329 -6.67329 -3.12655
1.02538 1.02538 1.02538 -2.78296 -6.5913 -6.5913 -6.5913 -6.5913 -2.78296 1.02538 1.02538 1.02538 -2.78296 -6.5913 -6.5913 -6.5913 -6.5913 -2.78296
1.34319 1.34319 1.34319 -2.61756 -6.57832 -6.57832 -6.57832 -6.57832 -2.61756 1.34319 1.34319 1.34319 -2.61756 -6.57832 -6.57832 -6.57832 -6.57832 -2.61756
1.30688 1.30688 1.30688 -2.69997 -6.70682 -6.70682 -6.70682 -6.70682 -2.69997 1.30688 1.30688 1.30688 -2.69997 -6.70682 -6.70682 -6.70682 -6.70682 -2.69997
1.30411 1.30411 1.30411 -2.7018 -6.70772 -6.70772 -6.70772 -6.70772 -2.7018 1.30411 1.30411 1.30411 -2.7018 -6.70772 -6.70772 -6.70772 -6.70772 -2.7018
1.70991 1.70991 1.70991 -2.4051 -6.52011 -6.52011 -6.52011 -6.52011 -2.4051 1.70991 1.70991 1.70991 -2.4051 -6.52011 -6.52011 -6.52011 -6.52011 -2.4051
2.23748 2.23748 2.23748 -2.1107 -6.45889 -6.45889 -6.45889 -6.45889 -2.1107 2.23748 2.23748 2.23748 -2.1107 -6.45889 -6.45889 -6.45889 -6.45889 -2.1107
2.29499 2.29499 2.29499 -2.14531 -6.5856 -6.5856 -6.5856 -6.5856 -2.14531 2.29499 2.29499 2.29499 -2.14531 -6.5856 -6.5856 -6.5856 -6.5856 -2.14531
1.77061 1.77061 1.77061 -2.35938 -6.48938 -6.48938 -6.48938 -6.48938 -2.35938 1.77061 1.77061 1.77061 -2.35938 -6.48938 -6.48938 -6.48938 -6.48938 -2.35938
1.05652 1.05652 1.05652 -2.42879 -5.9141 -5.9141 -5.9141 -5.9141 -2.42879 1.05652 1.05652 1.05652 -2.42879 -5.9141 -5.9141 -5.9141 -5.9141 -2.42879
0.573582 0.573582 0.573582 -2.26609 -5.10577 -5.10577 -5.10577 -5.10577 -2.26609 0.573582 0.573582 0.573582 -2.26609 -5.10577 -5.10577 -5.10577 -5.10577 -2.26609
0.460604 0.460604 0.460604 -1.97441 -4.40943 -4.40943 -4.40943 -4.40943 -1.97441 0.460604 0.460604 0.460604 -1.97441 -4.40943 -4.40943 -4.40943 -4.40943 -1.97441
0.518927 0.518927 0.518927 -1.67885 -3.87662 -3.87662 -3.87662 -3.87662 -1.67885 0.518927 0.518927 0.518927 -1.67885 -3.87662 -3.87662 -3.87662 -3.87662 -1.67885
0.427635 0.427635 0.427635 -1.48968 -3.40699 -3.40699 -3.40699 -3.40699 -1.48968 0.427635 0.427635 0.427635 -1.48968 -3.40699 -3.40699 -3.40699 -3.40699 -1.48968
-0.0199326 -0.0199326 -0.0199326 -1.52763 -3.03532 -3.03532 -3.03532 -3.03532 -1.52763 -0.0199326 -0.0199326 -0.0199326 -1.52763 -3.03532 -3.03532 -3.03532 -3.03532 -1.52763
-0.804866 -0.804866 -0.804866 -1.78784 -2.77082 -2.77082 -2.77082 -2.77082 -1.78784 -0.804866 -0.804866 -0.804866 -1.78784 -2.77082 -2.77082 -2.77082 -2.77082 -1.78784
-1.55638 -1.55638 -1.55638 -1.93373 -2.31108 -2.31108 -2.31108 -2.31108 -1.93373 -1.55638 -1.55638 -1.55638 -1.93373 -2.31108 -2.31108 -2.31108 -2.31108 -1.93373
-1.78528 -1.78528 -1.78528 -1.56848 -1.35169 -1.35169 -1.35169 -1.35169 -1.56848 -1.78528 -1.78528 -1.78528 -1.56848 -1.35169 -1.35169 -1.35169 -1.35169 -1.56848
-1.45947 -1.45947 -1.45947 -0.777245 -0.0950221 -0.0950221 -0.0950221 -0.0950221 -0.777245 -1.45947 -1.45947 -1.45947 -0.777245 -0.0950221 -0.0950221 -0.0950221 -0.0950221 -0.777245
-1.10766 -1.10766 -1.10766 -0.0828663 0.941929 0.941929 0.941929 0.941929 -0.0828663 -1.10766 -1.10766 -1.10766 -0.0828663 0.941929 0.941929 0.941929 0.941929 -0.0828663
-1.2974 -1.2974 -1.2974 0.160498 1.61839 1.61839 1.61839 1.61839 0.160498 -1.2974 -1.2974 -1.2974 0.160498 1.61839 1.61839 1.61839 1.61839 0.160498
-2.08475 -2.08475 -2.08475 0.11163 2.308 2.308 2.308 2.308 0.11163 -2.08475 -2.08475 -2.08475 0.11163 2.308 2.308 2.308 2.308 0.11163
-2.89258 -2.89258 -2.89258 0.201042 3.29466 3.29466 3.29466 3.29466 0.201042 -2.89258 -2.89258 -2.89258 0.201042 3.29466 3.29466 3.29466 3.29466 0.201042
-3.00216 -3.00216 -3.00216 0.686717 4.3756 4.3756 4.3756 4.3756 0.686717 -3.00216 -3.00216 -3.00216 0.686717 4.3756 4.3756 4.3756 4.3756 0.686717
-2.2854 -2.2854 -2.2854 1.42509 5.13558 5.13558 5.13558 5.13558 1.42509 -2.2854 -2.2854 -2.2854 1.42509 5.13558 5.13558 5.13558 5.13558 1.42509
-1.29403 -1.29403 -1.29403 2.06925 5.43253 5.43253 5.43253 5.43253 2.06925 -1.29403 -1.29403 -1.29403 2.06925 5.43253 5.43253 5.43253 5.43253 2.06925
-0.759064 -0.759064 -0.759064 2.35454 5.46815 5.46815 5.46815 5.46815 2.35454 -0.759064 -0.759064 -0.759064 2.35454 5.46815 5.46815 5.46815 5.46815 2.35454
-1.09684 -1.09684 -1.09684 2.19351 5.48386 5.48386 5.48386 5.48386 2.19351 -1.09684 -1.09684 -1.09684 2.19351 5.48386 5.48386 5.48386 5.48386 2.19351
-1.95605 -1.95605 -1.95605 1.88528 5.72661 5.72661 5.72661 5.72661 1.88528 -1.95605 -1.95605 -1.95605 1.88528 5.72661 5.72661 5.72661 5.72661 1.88528
-2.34923 -2.34923 -2.34923 2.0602 6.46963 6.46963 6.46963 6.46963 2.0602 -2.34923 -2.34923 -2.34923 2.0602 6.46963 6.46963 6.46963 6.46963 2.0602
-1.63293 -1.63293 -1.63293 2.96078 7.55449 7.55449 7.55449 7.55449 2.96078 -1.63293 -1.63293 -1.63293 2.96078 7.55449 7.55449 7.55449 7.55449 2.96078
-0.219114 -0.219114 -0.219114 3.9846 8.18831 8.18831 8.18831 8.18831 3.9846 -0.219114 -0.219114 -0.219114 3.9846 8.18831 8.18831 8.18831 8.18831 3.9846
0.813368 0.813368 0.813368 4.27719 7.74101 7.74101 7.74101 7.74101 4.27719 0.813368 0.813368 0.813368 4.27719 7.74101 7.74101 7.74101 7.74101 4.27719
0.823855 0.823855 0.823855 3.73334 6.64283 6.64283 6.64283 6.64283 3.73334 0.823855 0.823855 0.823855 3.73334 6.64283 6.64283 6.64283 6.64283 3.73334
0.288071 0.288071 0.288071 3.14489 6.00171 6.00171 6.00171 6.00171 3.14489 0.288071 0.288071 0.288071 3.14489 6.00171 6.00171 6.00171 6.00171 3.14489
0.204097 0.204097 0.204097 3.23365 6.2632 6.2632 6.2632 6.2632 3.23365 0.204097 0.204097 0.204097 3.23365 6.2632 6.2632 6.2632 6.2632 3.23365
1.01619 1.01619 1.01619 3.86721 6.71822 6.71822 6.71822 6.71822 3.86721 1.01619 1.01619 1.01619 3.86721 6.71822 6.71822 6.71822 6.71822 3.86721
2.38355 2.38355 2.38355 4.44898 6.51441 6.51441 6.51441 6.51441 4.44898 2.38355 2.38355 2.38355 4.44898 6.51441 6.51441 6.51441 6.51441 4.44898
3.57523 3.57523 3.57523 4.60276 5.6303 5.6303 5.6303 5.6303 4.60276 3.57523 3.57523 3.57523 4.60276 5.6303 5.6303 5.6303 5.6303 4.60276
3.92205 3.92205 3.92205 4.26753 4.613 4.613 4.613 4.613 4.26753 3.92205 3.92205 3.92205 4.26753 4.613 4.613 4.613 4.613 4.26753
3.49212 3.49212 3.49212 3.71727 3.94242 3.94242 3.94242 3.94242 3.71727 3.49212 3.49212 3.49212 3.71727 3.94242 3.94242 3.94242 3.94242 3.71727
3.21615 3.21615 3.21615 3.52475 3.83335 3.83335 3.83335 3.83335 3.52475 3.21615 3.21615 3.21615 3.52475 3.83335 3.83335 3.83335 3.83335 3.52475
3.8027 3.8027 3.8027 3.93291 4.06311 4.06311 4.06311 4.06311 3.93291 3.8027 3.8027 3.8027 3.93291 4.06311 4.06311 4.06311 4.06311 3.93291
4.89961 4.89961 4.89961 4.40069 3.90177 3.90177 3.90177 3.90177 4.40069 4.89961 4.89961 4.89961 4.40069 3.90177 3.90177 3.90177 3.90177 4.40069
5.59791 5.59791 5.59791 4.15076 2.70361 2.70361 2.70361 2.70361 4.15076 5.59791 5.59791 5.59791 4.15076 2.70361 2.70361 2.70361 2.70361 4.15076
5.3862 5.3862 5.3862 3.05149 0.716774 0.716774 0.716774 0.716774 3.05149 5.3862 5.3862 5.3862 3.05149 0.716774 0.716774 0.716774 0.716774 3.05149
4.54368 4.54368 4.54368 1.78463 -0.974412 -0.974412 -0.974412 -0.974412 1.78463 4.54368 4.54368 4.54368 1.78463 -0.974412 -0.974412 -0.974412 -0.974412 1.78463
3.79595 3.79595 3.79595 1.11998 -1.55598 -1.55598 -1.55598 -1.55598 1.11998 3.79595 3.79595 3.79595 1.11998 -1.55598 -1.55598 -1.55598 -1.55598 1.11998
3.65938 3.65938 3.65938 1.1388 -1.38179 -1.38179 -1.38179 -1.38179 1.1388 3.65938 3.65938 3.65938 1.1388 -1.38179 -1.38179 -1.38179 -1.38179 1.1388
4.06888 4.06888 4.06888 1.28227 -1.50434 -1.50434 -1.50434 -1.50434 1.28227 4.06888 4.06888 4.06888 1.28227 -1.50434 -1.50434 -1.50434 -1.50434 1.28227
4.45599 4.45599 4.45599 1.01427 -2.42746 -2.42746 -2.42746 -2.42746 1.01427 4.45599 4.45599 4.45599 1.01427 -2.42746 -2.42746 -2.42746 -2.42746 1.01427
4.1247 4.1247 4.1247 0.225484 -3.67373 -3.67373 -3.67373 -3.67373 0.225484 4.1247 4.1247 4.1247 0.225484 -3.67373 -3.67373 -3.67373 -3.67373 0.225484
2.90561 2.90561 2.90561 -0.802109 -4.50983 -4.50983 -4.50983 -4.50983 -0.802109 2.90561 2.90561 2.90561 -0.802109 -4.50983 -4.50983 -4.50983 -4.50983 -0.802109
1.54813 1.54813 1.54813 -1.56736 -4.68285 -4.68285 -4.68285 -4.68285 -1.56736 1.54813 1.54813 1.54813 -1.56736 -4.68285 -4.68285 -4.68285 -4.68285 -1.56736
1.04356 1.04356 1.04356 -1.72264 -4.48883 -4.48883 -4.48883 -4.48883 -1.72264 1.04356 1.04356 1.04356 -1.72264 -4.48883 -4.48883 -4.48883 -4.48883 -1.72264
1.56148 1.56148 1.56148 -1.42199 -4.40546 -4.40546 -4.40546 -4.40546 -1.42199 1.56148 1.56148 1.56148 -1.42199 -4.40546 -4.40546 -4.40546 -4.40546 -1.42199
2.27801 2.27801 2.27801 -1.20871 -4.69543 -4.69543 -4.69543 -4.69543 -1.20871 2.27801 2.27801 2.27801 -1.20871 -4.69543 -4.69543 -4.69543 -4.69543 -1.20871
2.16484 2.16484 2.16484 -1.55281 -5.27047 -5.27047 -5.27047 -5.27047 -1.55281 2.16484 2.16484 2.16484 -1.55281 -5.27047 -5.27047 -5.27047 -5.27047 -1.55281
0.949354 0.949354 0.949354 -2.40132 -5.752 -5.752 -5.752 -5.752 -2.40132 0.949354 0.949354 0.949354 -2.40132 -5.752 -5.752 -5.752 -5.752 -2.40132
-0.621677 -0.621677 -0.621677 -3.15021 -5.67875 -5.67875 -5.67875 -5.67875 -3.15021 -0.621677 -0.621677 -0.621677 -3.15021 -5.67875 -5.67875 -5.67875 -5.67875 -3.15021
-1.51018 -1.51018 -1.51018 -3.23904 -4.9679 -4.9679 -4.9679 -4.9679 -3.23904 -1.51018 -1.51018 -1.51018 -3.23904 -4.9679 -4.9679 -4.9679 -4.9679 -3.23904
-1.44223 -1.44223 -1.44223 -2.81277 -4.18332 -4.18332 -4.18332 -4.18332 -2.81277 -1.44223 -1.44223 -1.44223 -2.81277 -4.18332 -4.18332 -4.18332 -4.18332 -2.81277
-1.13536 -1.13536 -1.13536 -2.55358 -3.97179 -3.97179 -3.97179 -3.97179 -2.55358 -1.13536 -1.13536 -1.13536 -2.55358 -3.97179 -3.97179 -3.97179 -3.97179 -2.55358
-1.40676 -1.40676 -1.40676 -2.80096 -4.19517 -4.19517 -4.19517 -4.19517 -2.80096 -1.40676 -1.40676 -1.40676 -2.80096 -4.19517 -4.19517 -4.19517 -4.19517 -2.80096
-2.31471 -2.31471 -2.31471 -3.18126 -4.04781 -4.04781 -4.04781 -4.04781 -3.18126 -2.31471 -2.31471 -2.31471 -3.18126 -4.04781 -4.04781 -4.04781 -4.04781 -3.18126
-3.31379 -3.31379 -3.31379 -3.24181 -3.16984 -3.16984 -3.16984 -3.16984 -3.24181 -3.31379 -3.31379 -3.31379 -3.24181 -3.16984 -3.16984 -3.16984 -3.16984 -3.24181
-3.87882 -3.87882 -3.87882 -3.03058 -2.18235 -2.18235 -2.18235 -2.18235 -3.03058 -3.87882 -3.87882 -3.87882 -3.03058 -2.18235 -2.18235 -2.18235 -2.18235 -3.03058
-3.786 -3.786 -3.786 -2.78708 -1.78817 -1.78817 -1.78817 -1.78817 -2.78708 -3.786 -3.786 -3.786 -2.78708 -1.78817 -1.78817 -1.78817 -1.78817 -2.78708
-3.21749 -3.21749 -3.21749 -2.50136 -1.78524 -1.78524 -1.78524 -1.78524 -2.50136 -3.21749 -3.21749 -3.21749 -2.50136 -1.78524 -1.78524 -1.78524 -1.78524 -2.50136
-2.75777 -2.75777 -2.75777 -2.09263 -1.42749 -1.42749 -1.42749 -1.42749 -2.09263 -2.75777 -2.75777 -2.75777 -2.09263 -1.42749 -1.42749 -1.42749 -1.42749 -2.09263
-2.9783 -2.9783 -2.9783 -1.70822 -0.438131 -0.438131 -0.438131 -0.438131 -1.70822 -2.9783 -2.9783 -2.9783 -1.70822 -0.438131 -0.438131 -0.438131 -0.438131 -1.70822
-3.8614 -3.8614 -3.8614 -1.55357 0.754264 0.754264 0.754264 0.754264 -1.55357 -3.8614 -3.8614 -3.8614 -1.55357 0.754264 0.754264 0.754264 0.754264 -1.55357
-4.66856 -4.66856 -4.66856 -1.52211 1.62434 1.62434 1.62434 1.62434 -1.52211 -4.66856 -4.66856 -4.66856 -1.52211 1.62434 1.62434 1.62434 1.62434 -1.52211
-4.59014 -4.59014 -4.59014 -1.27682 2.0365 2.0365 2.0365 2.0365 -1.27682 -4.59014 -4.59014 -4.59014 -1.27682 2.0365 2.0365 2.0365 2.0365 -1.27682
-3.64868 -3.64868 -3.64868 -0.767134 2.11442 2.11442 2.11442 2.11442 -0.767134 -3.64868 -3.64868 -3.64868 -0.767134 2.11442 2.11442 2.11442 2.11442 -0.767134
-2.73155 -2.73155 -2.73155 -0.355092 2.02137 2.02137 2.02137 2.02137 -0.355092 -2.73155 -2.73155 -2.73155 -0.355092 2.02137 2.02137 2.02137 2.02137 -0.355092
-2.5923 -2.5923 -2.5923 -0.25242 2.08746 2.08746 2.08746 2.08746 -0.25242 -2.5923 -2.5923 -2.5923 -0.25242 2.08746 2.08746 2.08746 2.08746 -0.25242
-3.06643 -3.06643 -3.06643 -0.194085 2.67826 2.67826 2.67826 2.67826 -0.194085 -3.06643 -3.06643 -3.06643 -0.194085 2.67826 2.67826 2.67826 2.67826 -0.194085
