3.363926410035784e-05
8.102465443113609e-05
0.00011178034886958038
-6.965649209236596e-05
-7.692856102062089e-05
0.000103911628962257
1.7067359258855525e-05
-9.296311726217284e-05
1.8676080136476524e-05
7.708523232147376e-06
4.9610286243589684e-05
4.846895751614024e-06
7.327272568810519e-05
4.15627524019401e-05
6.677521487627306e-05
-9.898560450974557e-05
2.272677785594479e-05
-0.00012700039208549374
-3.0826378631138994e-06
-0.00011955041601988445
-0.00010679532430360816
-8.32875340032015e-06
0.00012780795300101476
-0.00015298983080150774
5.187103102585253e-05
6.665268066449213e-05
1.6882500011383662e-05
1.3484732993529122e-05
0.00023986287158480544
9.949363087310325e-05
5.580312398708459e-05
-1.9597053919441824e-05
0.00018162792457661965
0.00015635525292619675
-6.71028626024e-05
5.061600856333921e-05
8.357707485847293e-05
-0.0001011380215661199
-8.021709351561506e-05
3.398510360837608e-05
1.711668687128323e-05
-1.0480565925379904e-05
-0.0001845264309351778
3.189773197860828e-05
-8.194744180804511e-05
6.646782141702024e-05
-0.00011258483375391047
-4.4457027041296256e-05
5.610572304374595e-06
-4.141779468906591e-05
3.004787213097015e-05
4.560438215168983e-05
0.000204212039633347
6.926682159620536e-05
-7.360581419606327e-05
1.2164967370066539e-05
5.4185939671059656e-05
1.0555037429816445e-05
3.1637592120107336e-06
-0.00015252387520696688
-4.344767753365934e-05
1.103066552539042e-05
-6.144888478714185e-05
9.346328471844108e-05
2.9566803253565057e-05
-3.5462166462043416e-05
6.260782615072748e-06
0.0001021047491482436
-7.329680925030862e-06
0.00012725730471214384
6.198991641743383e-05
2.205450215226484e-05
8.04710836439077e-06
7.295626425913386e-05
6.294238167121096e-05
0.00014811711678958686
-4.357172307372666e-05
0.00013857976909420982
7.599458981439236e-05
-6.73548831360794e-05
4.7490035265786244e-07
1.9250061191248636e-05
6.454928895488824e-05
-2.387029393532736e-06
4.857463962376895e-05
8.862865864717417e-05
-1.4964516238112006e-05
5.358052298792994e-05
8.737605430991912e-05
5.262624414020909e-05
8.314351999955181e-05
0.00010495851772168751
-7.813772459008828e-06
3.3319938483318914e-06
8.320191558169806e-05
-2.653053771545336e-05
-1.7172910751374305e-05
9.667165850396452e-05
-8.285783382516935e-05
3.985831346917492e-06
7.843173040572311e-05
0.00016044741935100333
-5.669260383140201e-05
-4.191095419276244e-05
-5.573953404631034e-05
-8.473353005082845e-06
1.8825272036388787e-05
-7.523115968483489e-05
9.064826445941989e-05
6.448152313736613e-05
-7.998027175166143e-06
-1.109777096914373e-05
3.289015460943725e-05
9.607077580569401e-05
-4.99013015148949e-05
-1.1754631124302176e-05
4.159506765069848e-06
-6.569743917734527e-05
-5.943925374158655e-05
6.537257015242414e-05
2.44834815708489e-05
3.67617361289221e-05
1.0654599451643702e-05
-3.0294093774706958e-05
-4.078481352083298e-05
-5.558770724234396e-06
0.0001032194037251962
-1.306956049724819e-05
-9.484743539474143e-05
8.724445212841966e-05
1.4764901815887384e-05
3.7175945985776985e-05
-1.2534630022556124e-05
7.293812831969676e-05
-4.369398219642156e-06
7.788470930473963e-05
6.79304313615921e-05
0.00015680065445604225
8.52747784599162e-05
1.2199181699630015e-05
-5.163769512047062e-05
7.961143040928224e-05
-2.779644174162897e-05
-9.896468986910265e-05
-8.543473777074625e-05
-8.376610998269259e-05
-3.340048741314481e-05
6.951554834137342e-06
5.76152006275621e-05
7.096633879159233e-05
6.23829676782788e-05
1.452013565798283e-05
7.805838472289193e-05
8.091910540645341e-05
-1.3375744893871831e-05
-4.31614115366973e-06
0.00015286100485337805
0.00010541540534650981
-1.217606422321293e-06
0.00010714333551368159
7.487423239520502e-07
4.151801708466194e-05
-7.07774359378313e-05
0.00012800375212243916
0.00020852932494833462
4.282811020709138e-05
3.466197160720559e-05
9.110726794384321e-05
0.00011190898670479727
9.909368581243101e-05
3.483957647890264e-05
7.799303703062813e-05
8.34167574395314e-05
-5.576039037666298e-05
-6.255562214671479e-05
3.6089762690899395e-05
0.0001488018436955058
-4.8489832776694476e-05
-3.388699707238105e-05
6.523522492343629e-05
0.00020929934907989813
0.00022801490527371348
1.0874882091308163e-05
-0.00017771451624368505
0.00015201807638811862
-0.00012275963829208947
7.76904798218919e-05
6.469636499519948e-05
1.1409510300342983e-05
0.0001258501260034357
-6.651301597914951e-06
0.0001074912908813008
-2.119543945442484e-05
0.00010820594208729093
4.3713414174661005e-05
8.009929688544692e-06
5.9090807995397184e-05
6.558741201025749e-05
0.00038697535437350647
6.630206321624763e-05
0.00021477693108608837
2.07039054317592e-05
8.370571269368982e-05
7.57183880281302e-05
0.00022353760480544165
0.00011267266325755781
7.047227249092395e-05
-9.81495698443134e-05
-3.5573008514257556e-06
0.00010438640857114937
4.865576344050183e-05
5.978535515664869e-06
-3.1215065089836155e-05
4.8118414840551493e-05
-3.479194830767417e-05
1.77194414737877e-05
0.0002510117188590093
9.043650356844969e-05
-1.875950792572321e-05
0.0001051582462966566
0.0001413379634096614
4.36456483571389e-05
0.00013454242937395233
4.263176486464271e-05
-2.1920367692762637e-05
2.6180278375320296e-05
3.237885916630365e-05
0.0001765621926123163
7.68433196374305e-05
-1.143146154058031e-05
-1.5782902874841127e-05
0.00011481057156238246
-7.109661775771817e-05
0.00010062406157452494
-0.0001224764260854195
9.90141316342748e-05
6.813862337496518e-05
-9.586135677801472e-06
7.993973850917797e-05
-5.5303502751840656e-05
-6.0727827692058504e-05
-5.268150291303804e-05
9.752189965528906e-05
-5.268210744435262e-05
4.7870626026074066e-05
7.338111172428398e-05
6.95661121930017e-05
4.840616103208076e-05
3.791544128595471e-05
0.00011337461930594194
7.093580996020654e-05
2.5695582310027783e-05
6.312699696331582e-05
1.150907232217024e-05
-1.0068111352178467e-05
0.0001264262229178088
1.5680490659475735e-05
5.487794137226665e-06
-4.5057246897961886e-05
0.00020712970288105855
1.0791700725264555e-05
8.642969267957798e-05
1.2162003023783992e-05
0.00015181538346686693
0.00020462479647220572
-3.319803844726015e-05
5.173827809201422e-05
-1.8118667850400896e-05
0.00014281357077749652
-5.4001268536500626e-05
-5.298829184097626e-05
-2.5570457509953846e-05
2.1218886373070494e-05
-3.182954974268446e-05
-5.328752412748236e-05
5.382172026823732e-05
7.337174148890817e-05
-0.0001595635125589757
4.046937304157797e-05
-5.1441291467731675e-05
0.0001701684755415134
-1.8420922793479816e-05
-7.692388999566805e-06
1.2155655444980973e-05
6.800490533386471e-05
3.929609934662519e-06
0.00010579364559014782
-9.978307650583174e-05
-3.2238542353562314e-06
5.477116286544157e-05
5.3459558414725706e-05
-1.2701899551615162e-05
-0.00013536856076502637
0.00015901847751497063
8.641971791288757e-05
5.774958151026741e-05
0.00014715624640769607
-4.239853587453417e-06
4.4576048217934204e-05
5.653912913946852e-06
2.0177273169907505e-06
-2.4983479031918476e-05
7.646332411013907e-05
5.712308496093094e-06
-2.0216014246859102e-05
7.90850216832844e-05
-0.00011844507336801743
0.00010656215839342491
-2.9318763246249696e-06
6.366145994678694e-06
5.4586001352312436e-05
0.00010042167091893053
-1.7655432646775603e-05
5.9889907940350326e-05
0.00010626201930994696
0.00014887903805869398
-2.8266268479424256e-05
4.015956145706691e-05
8.539918457593109e-05
-3.613498838674767e-05
-1.992282727349869e-05
8.86591388735768e-06
9.541155583556757e-05
-2.2367524506261582e-05
3.1932004618462004e-05
6.280690834645707e-05
-1.9030571195811555e-05
-3.256112782548253e-05
-1.9508012885329255e-05
2.2473801920310497e-06
3.8486701949811276e-05
4.7069468531810225e-05
7.32952099673248e-05
1.2855797899421432e-05
0.00011740204256979931
-1.945052410015486e-05
-7.404868098006997e-05
3.544474920666533e-05
-3.8942149738679444e-05
-6.647979789056719e-05
-4.555886984006235e-05
8.008741908080379e-05
3.5145214654501954e-05
0.00010518036999992866
2.0958704666644437e-05
7.785775905625808e-06
0.00010494104462385525
3.138861070536592e-05
0.00014386227313087076
0.00024250765796848497
7.680644322724173e-05
0.0001678820381783813
-1.146864021642636e-05
-1.0813291389554338e-05
-1.5879988461119814e-05
-4.8126403550263443e-05
-0.00015928936832202423
-4.854424059500575e-05
-3.143800981012592e-05
2.834358670066419e-06
5.278274872618646e-05
-4.467114774723451e-05
-2.977028881904413e-05
-1.6717173878890855e-05
-8.752779413771219e-05
0.0001426054370744137
-6.165998283650726e-05
-0.00016394185553673485
1.1627082254399095e-06
-3.370631123382088e-05
-0.00012716669650729068
3.3671732851574872e-06
-4.658182130227713e-05
-0.00012704839401471175
-0.0001643015992649882
-1.3204127025030256e-05
4.139342532357028e-05
7.0608476672880094e-06
-8.35981193017384e-05
-0.000115844534390882
5.528009849360718e-05
1.1470382318037767e-05
-3.859782155894763e-05
3.757661219834431e-05
9.025685085274903e-06
-7.723522362267164e-06
7.333849226660681e-05
9.918847959933914e-06
-5.683865645416086e-05
0.00013085606767788692
0.00014951201922692688
7.405223667562508e-05
5.837591283404007e-05
-3.484605386032814e-05
8.305163123973721e-05
-2.0899171514201338e-05
4.126817072087381e-05
-4.730463368101393e-05
8.698432873228385e-05
1.5041220222730087e-05
-2.5907473003620573e-05
-4.700781951976613e-05
0.00013109055680344379
-0.00014326992536333653
0.000190873410981846
8.960481724280004e-05
6.921972646395917e-05
-2.382342629608287e-05
0.00014944697380032037
-2.7239865769091646e-06
-7.067358388651178e-05
-0.00011704629978742296
4.5852892118062346e-05
-0.0001465512034825559
-5.3270236674726865e-05
4.0427962646529924e-05
7.142207566407578e-05
-2.7700750863056108e-05
7.136186648798584e-05
-6.930539744759334e-05
-7.33588155579772e-05
7.87519356431624e-05
-5.6848933486508546e-05
4.596877648538298e-05
-6.763797872216885e-05
1.7953988909634813e-05
-5.267781741486035e-05
-0.00010971976473056645
4.065199879996949e-06
3.7085870819906054e-05
-1.6618216388378172e-05
-5.309656125657451e-05
0.00010038509677439908
-7.532969828910979e-05
-0.000125517111455646
5.627675284363814e-05
-8.284079032778085e-05
3.368598794245052e-05
-2.872037740304074e-05
2.8101774174835994e-06
1.8307082793427888e-05
-1.2389611531555557e-05
-1.984049439413666e-05
4.4413010408077134e-05
-8.95189286678829e-05
0.00011504390993560045
2.2716197549041135e-06
1.4251851089100328e-05
0.00013447411733540595
1.383401404435802e-05
7.290191475111286e-05
1.8244153226422378e-05
-2.1274028525318907e-05
1.3594386402627308e-05
0.000107888632171638
-6.395186098147044e-05
0.0001323259319982336
5.013082458731264e-05
5.129015516235443e-06
8.851561129134963e-05
0.00010675433032696188
-5.990055873068758e-05
0.00017762364843358676
1.2160852271445087e-05
-5.364297782624344e-05
9.167284387050163e-05
-3.057658482948181e-05
4.595547679646245e-05
-6.294251147383352e-05
3.5524059429454516e-05
-6.365837174245276e-05
7.444528793647005e-05
0.00011455891160465064
5.2569778772587085e-05
6.300028934262317e-05
-1.4068818617614181e-05
-4.160646676950195e-05
5.898132850827104e-06
-8.952920570023059e-05
1.56130854179012e-05
-7.295971898398654e-05
6.228291774571751e-05
2.9202037629718415e-05
-0.00014448619951142717
-1.8899515235336394e-05
-3.45758390769214e-05
-5.9610092148242765e-05
-1.9973305638265273e-05
4.5770315283333285e-05
0.00024246534077646507
0.00014411737463141327
-5.5498882987027235e-05
0.00013028849251220804
9.351212442013475e-05
0.00011234688990350092
3.545659587758974e-05
-2.7605420560430845e-05
-0.00012935085145767992
-2.0334258429147763e-05
-4.000409347068394e-05
3.8316107498522064e-05
8.444980028901711e-05
-6.5515788231523e-05
2.6453876391247454e-05
5.500419897300229e-05
7.856622690011032e-06
-8.429246039840018e-05
-4.064910796381695e-06
-7.153767094778116e-05
1.0776041221376024e-05
-4.5967882870453125e-05
1.840483122131145e-05
-0.00010038752808169937
1.0536413579645312e-05
-1.5272699873756102e-05
-7.332792615064387e-05
-3.8399906577922267e-05
1.697250615275835e-05
-0.00016613326486289892
-8.300467763321822e-06
-0.00013972901175871542
-4.45406963180739e-05
-3.148758137792065e-05
2.1023808403541216e-05
-0.00013686919787212582
-6.439025209090812e-05
-7.170095372190425e-06
0.0001143038684143984
-4.585411436273349e-05
-1.4561978121310683e-05
-0.00010760513088135275
5.755903752559737e-05
-0.00014128235971076303
1.1245624003804308e-05
-7.196276236829828e-05
-2.714037176286183e-05
0.00011585086878764298
6.983578075538414e-05
-6.445378618922821e-05
-1.4505396133108166e-05
-1.5936209873374814e-05
8.956370911340929e-05
8.381880663669986e-06
0.000146366331053042
-1.242074489425589e-05
0.00017360504918408095
0.00011823203192208576
-0.00015219454368951878
-0.00015487705497006863
6.083185220641274e-05
-6.40401808636879e-05
7.948750148979543e-05
-4.4609671198225125e-05
-1.6297767195571852e-05
6.553910781538218e-05
4.920881813152609e-06
4.175625001868674e-05
3.174236743076384e-05
8.91348621613196e-06
-2.9949044443080002e-05
5.349715597680957e-05
-5.213721392607494e-06
3.2098483971129764e-05
-6.0944668788912276e-05
0.00013539272883556714
-4.022837559728831e-06
-2.750736986689001e-05
4.857649980489825e-06
-0.0001327697770715444
0.0001495771229638237
-7.42982250782008e-05
6.16774310291927e-06
-2.2323579365374723e-05
-0.0001539905419398699
0.00015362872748026383
-2.707675954520669e-07
1.7610323571507847e-05
0.00015303177423553807
1.3973835708894444e-05
0.00010743361645104967
8.746575818563651e-05
1.8135813777429084e-06
0.00016429554076980048
-2.1671253195075545e-05
8.317301469917926e-05
9.026566516179345e-05
1.6951649822405704e-05
6.937767234482806e-06
4.526325155940168e-05
-7.99664093793513e-05
7.464773690235468e-05
0.00010099268762742006
-5.6781109358696195e-05
-3.0138135409753887e-05
2.8572137428348578e-05
2.517437041049404e-05
1.2418674162903171e-05
-7.436599089572285e-05
-5.773659726904617e-05
0.00010939452441549187
-3.8782924761786525e-05
0.00010325464147231206
7.875683020396924e-05
6.9458203353351e-05
4.667652216844092e-06
4.22778808044583e-05
-0.00010446905689821069
8.704036449946211e-05
6.93374827355138e-05
0.0001253059419139483
-5.189896926894531e-05
0.00010039059586652047
-1.6732833382779387e-05
2.7255092195801594e-05
2.8268068891325934e-05
-4.5743926455715745e-06
6.927545996548014e-05
-5.9411270370245524e-05
4.221434670613822e-05
0.00014246905695268795
3.893548671217716e-05
-0.0001105532646501598
1.86693029572298e-05
0.00018895947081486351
-0.00010256714904722933
0.00019730351655210363
9.204141161310651e-05
4.2271230959998036e-05
0.0001678579152360888
0.00014091631353195495
9.740462058026252e-05
5.979378746133376e-05
0.00010390092232946552
2.945441873934533e-05
-0.00010769617115448577
-2.4547993958473125e-05
-2.758813310767532e-05
-4.938670358684184e-06
-5.139175275942665e-08
-1.5310483080916727e-05
-3.641082959706228e-05
3.0405674930493334e-05
5.472406773319541e-05
6.515457830323147e-05
1.9377908850074193e-05
3.0344861223088795e-05
6.92663919957616e-05
-6.93743140174543e-05
7.24248336375427e-05
0.00014967215100079168
-4.80367579848363e-05
-1.7519482125493574e-05
-0.0001088937048318247
-8.296598662018708e-05
9.66225058224076e-05
8.46693393394759e-06
1.0791212814530523e-05
-7.664910333662482e-05
-2.44162285692077e-06
-5.8708709790546794e-05
-5.012594320854782e-05
7.784492685855858e-05
-7.027291767394442e-05
-4.577571093691618e-05
-0.0001281496322821633
1.966958449514818e-05
6.681655624682487e-05
0.00011449996980148006
3.2900908838313025e-05
-8.702393871543019e-05
6.496760319615863e-05
0.00014555278066682946
4.786046561430692e-05
6.514551033351293e-05
9.846420449729902e-05
0.00016116798853535268
6.007820873063288e-05
-5.4243802214223614e-05
0.00011294692411508979
0.00012546359725226455
-3.2071781154750177e-05
-0.00014716865248168675
3.0274072748993843e-05
-5.329194149176109e-05
3.27768632982457e-05
2.378192197139209e-06
2.7173422158044408e-05
3.0630189289359764e-05
-0.0001475283962099401
0.0002042579149887581
7.077508151418215e-07
3.050977093717986e-05
-4.882431352452236e-05
-0.00012255556137733784
-2.414859511882519e-05
-2.194352552779304e-05
8.394936397223488e-06
-9.725177880152535e-06
-7.368126398980395e-05
4.7196653349030964e-05
7.413765052185025e-05
-9.037147132388517e-05
3.8135840546199714e-05
0.00012253571528249557
-6.140452076001718e-05
-5.2404521664590494e-05
5.845981535197877e-05
-6.200147400474296e-05
7.532732529209977e-05
-6.361140394499305e-05
0.0001203878322109805
-2.6657128715565468e-05
7.138402606423743e-06
-4.036680154521986e-05
-1.8015362020105648e-05
1.2501913839237051e-05
1.4647378785493813e-05
-3.3513476458679086e-05
0.0001510818061450484
2.370637799438134e-05
-3.667342942874664e-05
-6.397265900153284e-05
9.630392853383527e-05
5.058686372545339e-05
2.2691587704913303e-05
-0.00012393614070820494
-9.908130610252435e-05
3.914156286594924e-05
6.930121085663962e-05
-9.90822128994962e-05
0.00010148711450403599
1.601375163046853e-05
9.516841762653e-05
-7.053850428922191e-06
0.0001392752502290045
8.348500045358157e-05
-2.0286988366030785e-05
1.9349798143946707e-05
-0.00015356357861511877
-3.9480590780678414e-05
-1.683112803168725e-05
6.414381165057792e-06
5.2905701824205206e-05
-1.3851802589889568e-05
-3.6263451291093743e-05
-3.719617509387763e-06
2.65777721592176e-06
0.00010452181287140706
-9.561779494347865e-06
8.675902419702608e-05
8.580504761496253e-05
-0.00011452646574078263
2.2504310332183142e-05
1.9523775827756337e-05
1.6841264547206458e-05
-1.2842150816595374e-05
-4.914168175046554e-05
0.00010392274376708031
-7.2998256494558945e-06
9.539867503288488e-05
7.310623562123148e-05
4.2051913427595695e-05
0.00012663060209821772
4.7594540860392475e-05
0.00011965625412818244
0.0001815255731393806
-8.053374941965875e-07
7.471344517056606e-05
-1.3501731362669365e-05
9.849509390463235e-05
4.723479713213911e-05
0.00020929952401076894
-2.1787986049077784e-05
-3.436486836234251e-05
9.914923366887519e-05
0.00011679190625673354
-1.296770768494912e-05
-0.00012335581207462983
0.00012602971939994724
-0.00011978013791942097
-5.195035443068374e-05
6.332472629926446e-05
0.00015583083272501343
-2.0062776272821602e-05
7.83189521640391e-06
1.301719704620562e-05
6.910486551419092e-05
6.9462191117186e-05
0.00010135037380636268
0.00010325742017351788
6.660026137099537e-05
3.727447387584591e-05
6.111602952034488e-05
0.00010707090837651376
0.00010271946704225294
5.86117276428066e-05
6.165126226069425e-05
-6.572416588997282e-05
-5.3147888108022695e-05
7.661112130234542e-05
-7.460616475847787e-05
3.721184657449767e-05
-3.379218783200618e-06
7.577544721286083e-05
0.0001077828391915883
-0.00010309869628940101
1.9924988261347967e-05
0.0001093316531587766
4.904013246634928e-06
-7.568176875535047e-05
5.723628682811335e-05
3.5918042646045133e-06
-8.003381462092583e-05
0.0001397282084002821
7.612975015928303e-05
5.6221496538645286e-05
-1.9715123170859644e-05
0.00010158002668140298
6.0690938099827735e-05
6.379007736249075e-05
7.280609244701914e-07
-2.4312875142828126e-06
4.274873095980601e-05
-4.290344584808762e-05
0.00010610786382473167
5.3834288091056815e-05
-1.5486216048379755e-05
-2.8837958743724556e-05
1.9799129127336893e-05
-6.784844708144599e-06
9.531760952644227e-05
0.00011325830533817754
0.00018001520522095777
-0.00018536156951784406
0.00011105202668451624
-1.197226239754728e-05
0.0001102169571263462
8.315614613266156e-05
0.00015503904546612538
0.0001626085330869427
7.153233360448856e-05
-1.8649796206334727e-05
0.00019825120386565446
0.00019682039012538778
0.00015205699963341215
-4.100274705973536e-05
0.00010729330687577921
0.00011653172455030746
-3.945393309254708e-05
-1.1916889471973884e-05
5.686656833316962e-05
5.072698765564709e-05
4.1964802608007365e-05
8.410498419855126e-05
0.00012773528190847993
3.96989193095707e-05
6.145431238693098e-05
7.90969849747893e-05
-5.3821675139989066e-05
6.330114957799624e-05
7.575821807039558e-05
9.089749557768752e-05
-7.748592817844829e-05
1.6808317590562402e-05
4.291484973652622e-05
7.641235783463848e-05
-3.5177730748176493e-06
-0.00010866066872426401
2.461501472785215e-05
9.482898400760503e-05
4.03500364172407e-05
-2.825521198489118e-05
0.0001237363299266976
1.823580640859893e-05
-2.837532807141381e-05
8.66613340794328e-05
-7.820541563495498e-05
-0.00016260589490256537
4.2612594793447274e-05
-2.150795698528359e-06
9.85211470614491e-05
8.69664511927816e-06
1.447799339683375e-05
0.0001751718134456296
0.00016795934916215006
2.3477387960945886e-05
-4.494904650685985e-05
7.801503339911373e-05
6.667971337313882e-06
3.5814340366822624e-05
3.933071214291337e-05
3.968803774590841e-05
0.00010930596057790739
9.5870876030216e-06
7.533070852462019e-05
7.252898795451952e-05
-3.09449776412159e-05
9.82775899661737e-05
2.2579388835770333e-05
2.2102249411909907e-05
-0.00012059157244603252
8.71899169753219e-05
-6.361013657207366e-05
-0.00011874473525496726
4.981689790418015e-05
-7.267094937490488e-05
-0.00016583331142449773
6.948552388308718e-05
6.876996588012522e-05
-0.00011201122398929184
-9.252080741339638e-05
-9.603778372080173e-05
-9.03160400880215e-05
3.747601604475872e-05
-2.6062837551464986e-05
5.118447981178396e-05
9.398031249485716e-05
1.0414298254102228e-05
0.0001379083311630055
4.2123364743295466e-05
-8.004443778465324e-06
8.863368427312922e-06
-0.00010581627038619591
3.0320436015139e-05
2.0306553427216074e-05
4.075064431951776e-05
0.00012664063517519837
-3.0477510718388587e-05
4.9213597080651405e-05
-0.00010689126985175394
-3.387588226755773e-05
1.970839111986117e-05
9.844582460249491e-05
8.670340731608569e-05
-6.862659923423958e-05
-6.207039057460392e-05
0.00021222988241608647
0.0001396907274587788
3.776648262720353e-05
-2.6845254574977206e-05
-6.61250177476169e-05
6.3753200952302e-05
3.585792493176191e-05
-8.66704698111216e-06
-0.0001470097297704511
8.140858314233394e-06
-7.81669695861895e-05
-7.536585354740342e-05
-1.248325557502361e-05
9.850029073109643e-05
-5.5458808989394825e-05
9.188357062971353e-05
-3.453818320454726e-05
0.00012675168329200247
6.899448023899165e-05
-3.579078754180234e-05
5.790741177945445e-05
4.348278547815264e-05
-5.784541290566872e-05
5.692836159240411e-06
-6.005138929367275e-05
2.315639254711529e-05
2.983181049630174e-05
7.709799153752923e-05
0.0001535704485186981
5.4566831281117e-05
3.3065345086237888e-06
6.273206308403097e-05
0.00011756803401173304
6.0645295985577695e-05
-9.909545427812645e-05
3.125960157999557e-05
1.6477347410041393e-05
-5.701548186367252e-05
-1.1895068034359119e-05
6.95245744631672e-05
-0.00011763431239721664
-6.650766091096592e-06
-0.00012824454369855077
2.3985416792139615e-05
-9.02173848631661e-05
8.883466577645007e-05
6.737669139165217e-05
-6.160806216795044e-05
4.395146146360905e-05
8.346903868403576e-05
0.00014778214813102497
9.437608414661767e-05
4.2460136281595136e-05
-6.298078259172815e-05
-4.885478404561785e-05
-7.847090705806372e-06
-6.208761971706914e-05
-7.913485038848816e-05
-4.599497015902825e-05
2.3920975896847682e-05
-5.290971348428811e-05
-3.234641330243564e-05
-0.00011686610185959685
9.818715422435525e-05
5.908620498604173e-05
0.00012494903519719107
2.075981386415098e-05
6.367485583677493e-05
3.273974293268992e-05
-0.0001195504267340904
2.0639395511971078e-05
-0.00012682279792800263
0.00013603338326581273
-1.864097219198322e-05
-5.011252689904674e-05
3.524102215365533e-05
-0.0001106118458773828
-4.242443451999323e-05
4.4121207428216686e-05
-7.443273329569254e-05
-1.3576693245676014e-05
-8.492375530747589e-05
8.423392429942543e-05
2.2244791467361904e-05
-0.00015543695687373482
5.383464866700436e-05
7.08812748071088e-05
-7.932273229253287e-05
0.0001022327134276497
0.00010819287563953149
6.325067121322966e-05
-5.771809702329988e-06
-3.0090807036346637e-05
1.091688630346484e-05
-2.8124458290073294e-05
5.365281207610534e-05
7.701753056240117e-05
9.185878484581616e-05
3.3624744634602245e-05
-0.00010281058952192417
0.00011170622475904939
3.076281488841162e-05
5.323346370307661e-05
-0.00016301248980769785
-2.6756574116812182e-05
-2.145206299745969e-05
2.4800839082586134e-05
-1.1677505785610202e-05
1.4309817070802837e-05
-6.103075619094819e-05
1.6730278471054495e-06
-4.618980417319052e-05
8.821836752965806e-05
-1.9904760358557805e-05
4.154732613921263e-05
7.75119028590887e-06
9.360213429187116e-06
0.00010478694744893023
7.057357908219874e-05
-5.531173294908356e-05
-2.1575806271869767e-05
-5.650443037590595e-05
6.616586175575451e-06
-4.208071087157596e-05
-5.7757034713161e-05
-3.898187387457025e-05
-8.946731026498339e-05
0.00010311499473864645
-5.746022055191317e-05
3.105237467388461e-05
-9.538690683813706e-06
0.00020813716977025558
3.003818891573112e-05
-2.5215619056713262e-05
-4.2620477596784625e-05
-4.1488291611709504e-05
3.2123142420240644e-05
7.676671909135095e-05
3.534118870679719e-05
0.00010364780935373755
5.357960547675212e-05
1.3346167987706174e-05
-6.044468450988469e-05
-3.493419881167481e-05
-0.00013656042041937312
-1.3953968382051881e-05
3.790177030688069e-05
0.0001454878518608035
-0.00011939549178668972
2.1380766446744655e-06
-4.870498761439104e-05
8.097936590898953e-06
-9.346868037202395e-05
-3.213580316380429e-05
-5.639519585304558e-05
5.235704579051054e-06
-3.8275988372641376e-05
0.00010906639124646698
5.142839748300694e-05
-7.362244952141989e-05
6.305069868289354e-05
4.457295653686517e-05
0.00011460811188229188
3.5810469223568174e-05
7.626358299811856e-07
-6.09220058484601e-06
-6.229968287369664e-05
-3.732563897846527e-05
-0.00010241421333884911
8.086976707981976e-05
-6.718847280790782e-05
5.2258933056317715e-05
6.78154430770374e-05
4.3019608584817594e-05
5.69667931966017e-05
-1.8135361486047762e-05
-1.088735345943317e-06
-8.995956297170801e-05
0.00012473606524359172
-5.0978729819917145e-05
0.00019697629018005058
-1.4739710327794193e-05
-8.958362050238603e-06
7.895818672780527e-05
-0.00013549962743970747
2.0247007092730955e-05
-3.423194049763335e-05
7.299651318763711e-05
-8.185665620448506e-05
1.1305101313793212e-05
9.075779053373164e-05
-0.00010915649030858579
-3.3518498354272386e-05
-8.251381862530078e-05
1.2436078236239211e-05
5.8987003540162015e-05
-9.439430927643696e-06
3.711149437627908e-05
-9.193286382809892e-05
-4.383221776001596e-05
0.00010452344082027403
2.8109983952565975e-05
8.437646635487742e-05
-2.464073120496933e-05
6.512356156111168e-05
-0.00014754611326313935
-1.81447317214236e-05
5.111556324192303e-05
0.0001009447440084923
-1.7847615294518495e-05
-8.591642189367186e-05
-0.00010844727988442679
-0.000123229534054381
4.622126723174622e-06
2.237638666501723e-06
-7.667921328177274e-05
-0.00012001209229913902
-3.358565964047989e-05
6.333119049864796e-05
-6.648802808781009e-05
0.00011041825533989201
-5.069340175364615e-05
-8.973474634718431e-05
-6.368781884599588e-05
-8.673033983967607e-06
0.00010040316368933996
5.188468057651469e-05
3.424140345734177e-05
-2.053556735689949e-05
-1.9820613885252077e-05
-2.363561341653435e-05
5.7903238370542724e-05
-5.302130782211653e-05
2.5835334950067993e-05
2.678870700081697e-05
-2.1193334309029758e-05
-0.00012693227640623003
5.200056494383533e-05
-4.326126634566086e-06
3.846970604850711e-05
-0.00010476055761241384
3.0005241959087065e-05
4.973407711408406e-05
-5.850826006368259e-05
-0.0001376635305910586
8.126402740329385e-05
-1.562196255470137e-07
-4.074728498324533e-05
-9.693567320924088e-06
4.377149677694403e-05
7.233547263972302e-06
2.2551638705590365e-05
0.00014795950904735497
-5.755679985757454e-07
-0.00012413629888361778
8.89500039227464e-05
5.562803616317641e-06
-0.0001569197603070545
8.471716734672182e-05
1.015145446705087e-05
-3.915543965598618e-06
2.5290429708685488e-05
0.0001684604841935165
4.650907871741e-05
1.507269646332807e-06
-2.877219216522293e-05
0.0001420544174953893
2.797082512963437e-05
-7.077008263952592e-06
-7.037744328107471e-05
7.660730846938127e-05
-3.50163637440103e-06
0.0001426486503491995
-0.00018613087249751245
-5.869644423338457e-05
1.0802269309063571e-05
1.7418082613474657e-05
-4.492867808724121e-05
-6.662507105114067e-05
0.00017000506644150284
1.1933246231509597e-05
3.9470289852082765e-05
-5.190393285424834e-05
-7.461360477932944e-05
-2.7307054458656458e-06
-9.338967241489209e-05
8.238412276207759e-05
1.0917851410726959e-05
-1.2209053027781877e-05
2.3553431571795224e-05
4.232859241038594e-05
0.00011355584065132047
4.197036001041905e-05
-4.940386269591205e-05
-0.00012051250617861037
2.14654554107128e-05
4.8823685096959825e-05
-7.449862720898065e-05
5.287619641037184e-05
8.649291379803485e-05
3.332526839272911e-05
3.8748988801632386e-05
-0.00010400443770108543
-2.8664468970648958e-05
4.4231709323996475e-05
3.9582244765858706e-05
-5.197079187479857e-05
4.327712821061838e-05
-6.383272071641588e-05
7.045624169688193e-05
6.354180063727931e-05
0.00016695555705692477
4.095103573609172e-05
-0.00011545185442019055
-5.42977911462971e-05
-2.4734189603360624e-05
-0.00013708924727062923
-3.09336771913158e-05
0.00010097109943096638
0.0002171998544773208
3.3498037013909594e-05
-3.2901839531532836e-05
8.732042671477278e-05
3.31395023482854e-05
-2.2659589139539305e-06
-1.4127585489913939e-05
-3.1472839385209884e-05
-0.00011694620225877731
2.7177526542459943e-05
3.2839665530464725e-05
-3.9163047623864424e-05
0.0001363723289740037
5.709784915707689e-05
9.649621708795279e-05
2.324180639334041e-05
-8.289352958498503e-06
9.190575264327586e-05
-2.5634909119451722e-05
-4.745051137290199e-05
7.72421032315579e-05
2.8842829408283433e-05
-4.089490724458087e-05
3.95710609365392e-05
3.8438270420149476e-05
4.9762850661816394e-05
-7.200974087996393e-05
7.199477863172255e-05
-5.0433464002587095e-05
3.7781107999333756e-05
-4.304309258175323e-05
5.9178570942384416e-05
4.4217502838104095e-05
-4.191151112799263e-05
-6.932994999032965e-05
-0.00013584903582532286
7.62835926646351e-05
-2.7011558996774124e-05
0.00014625884109962912
-0.000126849943526868
0.00011460817019258213
-7.046455410066304e-05
-8.184934351841992e-05
-1.7476629426655348e-05
0.0001176467980134979
4.260424797562383e-05
-1.3364815734125243e-05
4.75508289606667e-05
-6.170478717828161e-05
0.00014500381863711577
-3.8459580247193845e-05
-8.0615136774019e-06
9.785563782280997e-05
3.34227145549554e-05
-0.00021685749112256714
-0.00011970222240433769
0.00011633186864055191
-7.66682734078202e-05
-0.00012673647728480563
8.98299660310152e-06
-3.858181219331747e-05
-3.101232457250014e-05
5.4281619835426574e-05
0.0001444035404701599
-0.0001080224324192767
8.533473296643321e-05
-2.922569655752484e-05
-8.275096983148292e-05
4.5681200930511594e-07
-3.172999843506312e-05
-7.315552881961688e-05
-2.464722381660873e-06
-2.2492185291849397e-05
8.425943123521788e-05
5.171499292219733e-05
6.54237589548799e-05
3.88993897641738e-05
0.00012055745084080165
4.438241255219516e-05
-3.778442691977765e-06
0.00010738391754846848
-2.154123136635872e-05
0.0001874919555952789
-7.892372244108867e-06
1.2670927937743625e-05
-7.059706307913435e-05
-2.2436812366276e-05
0.00012872026451845732
9.07518035308762e-05
-4.282250767643147e-05
0.00011024191784111438
0.00011322184781422664
0.00017932309660447754
4.866941299116399e-05
6.33914579850282e-05
8.197254657359208e-06
9.456408267124295e-05
0.00015232068119293914
2.7389043478063114e-05
6.941001577905623e-05
-0.0001476704027585737
5.093197136737059e-05
0.00011345694147109805
4.741469279430794e-05
6.404408642098465e-05
-4.074118135980934e-05
-9.390882676511508e-05
3.4300461881092855e-05
2.4823021096148472e-05
4.70552513317119e-05
8.34733870238183e-05
3.5550950358746936e-05
9.145790457591588e-06
6.588911001810619e-05
0.0001562494492319411
0.00010463152459079555
9.859837132267154e-06
9.23523632357505e-05
0.00014563861339929242
0.00017985137723470937
6.397964552569272e-05
2.5415138090357684e-05
9.91762818309882e-06
6.67801570331642e-05
-0.00014654516888361612
0.00011947005848329497
5.3368205161729464e-05
-0.00017652721200260948
1.0154233168256687e-05
-3.413232016551582e-05
-5.01662718757532e-05
1.2835535386177417e-05
2.272960415323496e-05
1.2417698341435108e-05
0.00013991173125033838
7.708326872864674e-06
-2.782392873261377e-06
-6.804978116797139e-05
-8.56334536423689e-05
-6.894445537091679e-05
1.3130838219138825e-05
3.464781271739754e-05
-5.744166572623828e-05
4.4183951350145465e-05
2.5169767401138582e-05
1.849374492063753e-05
-1.2202949404345942e-05
0.00021286388700187178
8.441557524524771e-05
-7.449070999160097e-05
-2.428996723811001e-06
0.00018091458833963326
-6.698143154687362e-05
-3.8133085741241834e-05
-4.5405154669496764e-05
6.772415884853734e-05
3.0113325729608557e-05
-8.37914527018202e-05
6.032444709036197e-06
0.00013602987269850588
-6.668582644825494e-05
8.345797147529674e-05
6.176157851139728e-05
5.413188171449001e-05
7.302625184263156e-05
1.0831433330777773e-06
-0.00012802081951607562
-2.1957166608832816e-06
-0.00013278979562942141
-1.393843621294981e-05
6.658713661294565e-05
5.2758556759397726e-05
-3.486057332608377e-05
5.6334230914606616e-05
8.935490185451572e-05
6.634720670555764e-05
-6.698868592264846e-05
3.7021205153075446e-06
6.50323655409363e-06
7.612115938609258e-05
-3.504180538566821e-05
-1.9008458206745433e-05
8.291518209351526e-05
-0.00013368839928591154
5.376790626703467e-05
0.00010312024987540081
-0.00012409295827404553
-7.116458546442073e-07
-4.374650164813351e-05
-7.268761311251751e-06
5.7103952780512824e-05
-5.242807920203044e-06
3.0102444165946323e-05
9.453476290248631e-05
5.805641803428995e-05
-2.771496806315446e-05
-3.9516989994339076e-05
2.3900580518919703e-07
1.6212748339336584e-05
-2.2292154451223034e-05
-5.501540669856979e-05
-2.986450604184677e-07
-0.00013768765353335113
9.101506620416542e-05
-1.889620102731219e-05
-2.2174758755615976e-05
4.170191969449406e-06
-7.146840451617857e-05
6.401265079262702e-05
5.596572148229201e-05
4.344844381380268e-05
-0.00010121233132172764
6.252132561061313e-05
0.00021934084374900857
8.528969538349775e-05
0.0001532386881617858
2.3359864930552342e-05
-1.6933177203268994e-05
1.9544563133612767e-05
-0.00011158595763790388
4.3564630446780615e-05
-1.931857205691377e-05
-5.9552009545959714e-05
5.118727769681813e-06
-1.5564386233036034e-05
6.698774451522271e-05
0.00017952101158550293
-3.422154684470512e-05
0.00014906243357396375
5.4231141470659965e-05
0.0001227761806967019
-7.579479692734661e-06
0.00012235834365195963
-9.728507461101213e-05
5.76866995393462e-05
-0.0001754273684428638
1.4830355414525791e-05
0.00010489267140448372
-4.2867545259366935e-05
3.914814368591329e-05
-3.601361564151156e-05
9.213606835992101e-05
8.551965052419538e-05
-2.5166477089362316e-05
-9.859970171830087e-05
-0.00017560920503376283
-8.983842346763299e-05
0.00017194487412022533
9.26703943032985e-05
-2.9817452975786508e-05
6.227142093653473e-05
-7.011079737526512e-05
-3.321582452495562e-05
-4.6746381154626595e-05
8.164172142590754e-05
8.629058145273073e-05
-4.547199450621853e-06
0.00011734399684939467
1.8817216770016697e-05
3.455254072506252e-05
-8.859095764655178e-05
-1.0687989190773538e-05
-0.00011487721052381362
-1.9267109401056902e-06
-7.786333064961062e-05
-7.948272206878158e-07
0.00012532829885838147
8.837311683198198e-05
2.3463356405924293e-05
3.472833200281585e-05
8.074281550376014e-05
1.446214824786846e-05
8.372244321121509e-05
0.00012282278791821404
-4.895810059011901e-05
0.00010905351044378426
2.3758961504542975e-05
-5.414461148254987e-05
0.0001279472760406112
-8.025205042548551e-05
-6.630486581370138e-05
-5.819893638990553e-05
0.00011674039376020865
2.888284509562557e-05
-9.724088551475826e-05
3.675005367466259e-05
0.00011971941693634904
-7.238778700890296e-06
0.0001416533216823782
-2.0769637596218516e-05
9.760488466204999e-05
6.750423678482043e-05
0.0001045780235694561
7.996100301156249e-05
1.1117336030329046e-05
-0.00012776178856198838
-6.225658621949139e-05
2.8520985507771233e-05
-6.207837681647979e-05
-6.416484164927574e-05
-8.375196405167412e-06
-3.7760588545092264e-05
3.138049712870356e-05
-5.296037749413145e-05
5.1824285755348e-05
4.091633349579424e-05
0.00013866764866177756
-5.814719065221958e-05
1.2782034364837989e-05
-1.0702497942323191e-05
0.00013598423058425584
0.00010099600183544427
1.5343825027550636e-05
0.0001232279298053504
-6.762644503110766e-05
-4.565033124401681e-06
0.00010021963012507774
0.00012525327866508453
7.91785859880503e-05
-8.261730163105021e-06
-2.539986530324822e-06
5.8435262809242513e-05
-4.074716836266479e-05
0.0001291853716263166
-4.0628563604428554e-05
-0.00010535951009616007
-0.00018177296696386816
-2.5966727786654335e-05
0.0001443234400709794
-3.91995634581056e-05
8.406253967174491e-05
-3.192840132682255e-05
0.0001580909039514655
2.2609244111345328e-05
0.00016118974094847126
-3.17507964551255e-05
5.509286871696134e-05
0.00012369751258777868
-8.73628368275368e-05
5.676089197370043e-05
8.70397492539416e-05
-0.0001126361130092743
5.169359037082038e-05
6.659444929901076e-05
0.000101462864226957
-4.868153822790928e-05
1.8909826681726388e-05
-3.9145399595161355e-05
0.00018562341358717942
0.0001539730449457897
-2.561605202811953e-05
0.00011922293251042239
5.9439171535048316e-05
2.099387338926409e-05
5.14515446038314e-05
5.1272428403847925e-05
-6.22151175141531e-05
-2.4426074992212716e-05
7.278879837079212e-05
0.00014365841874307427
-1.0956332069946283e-05
-7.205139523037897e-05
-0.0001378552253280675
-6.96082093259025e-05
8.473573064201912e-06
3.9467686081747736e-05
3.3469690822037434e-06
5.3295359138323813e-05
-1.5548307842909632e-05
7.518387419509239e-06
-4.1476932851519156e-05
-4.719928101561393e-05
3.410115219236161e-05
0.00010455354005121605
-1.1079773078699059e-05
5.072994128772372e-05
5.4301089927695696e-06
8.810144903057909e-05
0.0001280958634092089
6.676238166967465e-05
2.9628385708949014e-05
-2.4988200906438064e-06
-1.8055934642678033e-05
1.5441573455434224e-05
-7.029679890545342e-06
-1.9606562203810065e-05
-2.5746142881332573e-05
-8.043865648698831e-06
8.571393831733332e-05
-5.2092302669027105e-05
-1.877360850524102e-05
7.647431158017593e-05
1.818066672418662e-05
-0.00010985041251900974
5.961110013916941e-06
-1.2457027487336036e-05
-0.00012546773624713393
5.912754635659356e-05
-3.856476869592898e-05
3.5583107138999686e-05
-6.449339370453847e-05
-0.00012117771315159223
7.389203363268045e-06
-0.00011384694637553376
-0.00011980771311873012
-7.349520639390888e-05
0.00014686286307505299
3.2719666064522665e-05
-5.913139380001159e-05
4.374592081665533e-05
5.0421338765841805e-05
3.7427223939149375e-05
-0.00012380364244393957
2.502885329455355e-05
-0.0001031214352381936
0.00012015726182476241
4.6306804682396156e-05
-9.42384044825138e-06
2.979571354829835e-05
-1.1212584322827673e-05
-3.6902488486678306e-05
7.229291847618005e-05
2.06153891902591e-05
-7.117606602949976e-05
-4.185088306566488e-05
-3.465794095970588e-06
-4.3758836229791924e-05
-4.5785696417812506e-05
-6.921062408019832e-05
9.148319596859753e-05
4.936861749103589e-08
-0.00015116791744333225
-0.00023008476939160674
-5.448978814896326e-05
-4.601002737618582e-06
6.316917610634328e-05
2.490269189488523e-05
-8.769078435148496e-05
-4.5426071554723405e-06
-0.0001337657792941765
7.341966367942405e-05
-3.869697540874302e-05
-8.268550551863857e-05
0.0001222349609534971
3.115876147104295e-05
3.4138691444155205e-05
-2.022104685665832e-05
8.508089659422662e-06
1.7150460886197e-05
-7.142234351569074e-05
0.00017945330407827113
3.40176685606607e-05
-7.321138965592431e-05
7.73141568339886e-06
8.652845381080799e-05
-8.787503906764225e-05
3.550627335175904e-05
-2.558878980867365e-05
0.00013921775072962416
8.12817337422872e-05
9.279020587958046e-06
-6.767087808272855e-05
-8.716189918993856e-05
-4.323357825613297e-05
2.7457228181823037e-05
-3.196890492489869e-05
-3.597396277470053e-06
9.515323307458584e-06
-6.218936662299361e-05
3.776732039967919e-05
4.388417059803169e-06
0.0001039874762138236
-6.481318005573995e-05
-9.574829295982496e-05
-1.6951254832415824e-05
-7.423162072722349e-05
-3.2866299518759695e-05
-5.641043647069629e-05
-7.381529501076763e-05
-4.912627916073341e-06
-1.427085941146697e-05
-6.380262148547385e-05
5.4154668259366893e-05
6.810185287115103e-05
-1.6239021751683982e-05
0.00010809596498412359
-3.549192654544973e-05
6.404752796379531e-05
0.00023260916112294273
-0.00010612433740125947
-3.477787987077419e-05
7.6007202988712704e-06
3.2097927035899516e-05
-3.1560135849874945e-05
2.4289114039008797e-05
0.00023058048734097845
-3.2991554121456195e-05
4.896453017904864e-05
-2.69124848856809e-05
-2.176859569551063e-06
-3.722469296313805e-05
0.0001475494035749156
5.9274622396904796e-05
0.00019082177115053463
4.8604786450795326e-05
-4.5988087073406896e-05
-3.251859035109119e-06
1.9695626937758998e-05
-3.8359599339128744e-05
-7.084443300737391e-05
4.729167067179301e-05
9.658440963538376e-05
3.376081177646476e-05
2.587280293278192e-06
1.0514395782747871e-05
-9.39132441293938e-05
3.608418386007585e-05
-5.940275933575721e-05
-0.00023678648445297698
-0.00013331312338855616
-0.0001413004480541158
-4.849631840448987e-05
-2.9244320407695974e-05
-6.661673494752317e-05
-5.559017792973318e-05
1.2180000914228662e-05
-2.3940716085315357e-05
-4.5398690470113256e-05
-8.110217495622951e-05
-0.00014136277308980674
6.242520513159651e-05
-0.00013283991341824045
5.8013856886903056e-05
8.362885523345391e-06
-4.790420141028066e-05
-0.00014058972630167038
0.00016279761333941063
3.1547883278343195e-05
-9.460414592782828e-06
5.261630401081355e-06
-5.2555177296704825e-05
-0.0002180179734588465
-3.6760550962540884e-05
-0.00010637907832585443
1.2666078728437605e-06
-4.629820092357526e-05
8.352041313156825e-05
-4.468948004595426e-05
-0.00014256060903280294
6.44460200064714e-05
1.2647942789000368e-06
-5.5896362326356846e-05
0.00014836845305324955
0.00018460777481102978
4.4119324809776774e-05
0.0001030680162269808
-6.066624523667452e-05
8.226539066905493e-05
-1.9956877386397297e-05
4.6919231785933684e-05
-2.1268784102770465e-05
-4.427647925172852e-05
-5.893952413213189e-05
2.1943676562415917e-05
2.790383877429768e-05
-0.00010710098390761939
0.00010670057463604951
1.8902630616241846e-05
3.970434937719587e-05
-9.237984571072705e-05
-4.493485073517339e-05
0.0001498528261251459
-0.00013785909647132192
5.388874350545242e-05
5.8358789597949415e-05
1.3118561947770657e-05
2.533721186106846e-05
-3.331406086357319e-05
-2.8903619415851582e-05
-1.0724505025014742e-05
-3.9215827493308735e-05
4.8700721284735164e-05
1.597746903738841e-05
0.00010109259951098895
5.784470249482038e-06
-5.9125290176575626e-05
-6.973521921225243e-05
9.17334612186235e-05
-5.584794151090099e-05
-9.274351889252509e-05
1.1147074685323498e-05
-6.073642917945487e-05
-4.428584948710436e-05
-4.249801240949991e-05
0.00018644312590711818
-5.1265046666445655e-06
-4.649243040642293e-05
-0.00010985247006832047
2.9502887150885512e-05
9.45908569799548e-05
1.0130773067569012e-05
2.8250282813630488e-05
-2.6288269421509235e-05
0.0001339287134690835
-8.017147282977693e-05
4.446153712990759e-05
-3.070022219751726e-05
-0.0001284521418948152
0.00010650906554411735
0.0001813721971163507
0.00016146394349571296
4.345797602126002e-06
-2.2655408746783252e-05
-2.7483687239247194e-05
3.718705007639436e-05
-3.624617455254416e-05
-3.5054383922693624e-05
0.0001504349683526647
1.9304447581148024e-05
-0.00011498511936346433
0.00014685778286916941
1.3625427067835976e-06
-2.5221431128697895e-05
5.846318787029324e-05
0.00014179017900063206
4.7137700831654476e-05
7.6195190799132175e-06
0.00011615927495024224
7.908488363429198e-05
0.00011901969336814642
0.0001841076631972157
3.6244965516755957e-06
-7.1046417735519906e-06
0.00011621706600107391
0.00017415247845709633
1.0661344729842679e-07
6.427529846196416e-07
-1.1159268946565003e-05
-8.590379576056212e-05
7.717421007924936e-05
-4.305641594366902e-06
8.760441838362814e-05
-3.351252206562288e-05
7.02588622226749e-05
1.3455333486070355e-05
-2.8923871214889653e-05
-4.692477620271492e-05
4.123019115443051e-05
-4.644854357582637e-05
-5.6939263321952396e-05
2.1500146936804393e-05
-1.676633727465369e-05
9.01044885419644e-05
7.317646716009619e-05
-0.00011898920986142046
-5.68814722711207e-05
0.0001358200420220599
8.646709388237915e-05
0.00013289880989675117
2.8590379274160305e-05
0.00011811625346113972
4.533867992473047e-05
-0.00020243813067222563
1.9827287429548734e-05
-5.914916916350112e-05
0.00012562492737455255
-9.115746793920046e-05
-2.4042940187767915e-05
-6.85083074558666e-05
0.00013432599644913043
0.00013372964773571922
9.623802390634122e-05
-9.441313546083635e-06
-6.03439824499245e-05
-5.7244843187261463e-05
5.880509792476678e-05
-0.00011178369768805849
5.487058683827643e-05
5.445305205919142e-05
0.00010010990769148336
-2.1781893139847765e-05
2.9120171232678555e-05
2.602042743870094e-05
-4.067747233061844e-05
5.3437959504066054e-05
0.00010386318671838925
-7.077872473916258e-05
0.0001265123472017231
9.665011790359514e-05
-3.036768237841956e-05
1.6242847570278608e-05
0.00010123876875432834
-1.075866104428792e-05
5.6713494575796994e-05
0.00012251672014217097
6.052758731010742e-05
3.799672931935246e-05
9.950842046189831e-05
6.028826193403401e-05
-1.3085358050129152e-05
-0.0002295697301400052
-6.011402730922693e-05
8.490377116364119e-05
8.56187246352886e-05
5.152456555810789e-05
-3.9372819990020114e-05
9.056500335467415e-05
4.812619400893875e-05
0.00011333337312755882
1.1587942230309722e-05
3.2926102794242264e-05
-1.565198496335837e-05
6.666172720579881e-05
5.149431531938412e-06
2.034831368400572e-05
-7.785380915635955e-06
4.848110148667552e-05
1.2777617000559263e-05
6.558703000589808e-05
0.00012823120939917633
4.138693969577489e-05
-5.1894631643368714e-05
8.907005098477284e-05
-9.343967358313055e-05
5.2889427074796156e-05
-0.00014160083109296075
-0.00024209456444992662
5.03851251972579e-05
6.284219368965727e-05
3.177642003833952e-06
-3.705579548521202e-05
-3.729451632997086e-05
-2.0307494834641802e-05
0.00010158370146537472
4.168073120044987e-05
4.7521684122780853e-05
-0.000123007506845269
7.690616946573388e-05
-7.136681933224198e-06
4.0904359490083345e-05
6.480551977935771e-05
2.5466151961942626e-05
-7.733937443607226e-06
-1.4757520078485114e-06
-3.6218214854198477e-06
-8.772427752915332e-05
-0.00016091908357899028
-3.187532990592685e-05
0.0001228580256653299
-1.047786696287622e-05
9.310572836896194e-06
0.00010807516696406119
-8.094587968832416e-06
-4.755316507579831e-05
-2.91952367506353e-05
-0.00017933963920550156
7.818643123567732e-06
5.434155066894833e-06
-2.430886494168239e-05
-5.85818379531893e-05
-2.8362585317723526e-05
-5.355494700080019e-06
-2.341600433268068e-05
-0.00010215404234662897
0.00018722620577223522
-3.533784008473065e-05
-4.785511775321996e-05
-4.10604905144827e-05
3.3981454992076796e-05
0.00012022907371640973
-2.347802710271434e-05
3.1655967048864714e-05
-2.5266770977290634e-05
-3.593630465774283e-05
0.0002423574795328987
1.311771346108908e-05
0.00012010774856725798
3.570726929964755e-05
-1.2811213813177717e-05
0.00010508647128688767
7.248242832909172e-05
0.00019127418310078796
-3.3948890012951204e-06
-1.6627422407089113e-05
-6.0556347872209304e-05
0.00015425848963264123
-2.78340024218344e-05
5.6506267669686035e-05
1.2756156138892015e-05
6.371782515619373e-05
7.009521988150325e-05
1.2576435407594022e-05
-0.0001278524099488836
2.2708620488095827e-05
3.278150318947957e-05
-1.2637538395025361e-05
-4.160569802152248e-05
3.0974832943631893e-06
0.0001524664208358348
-3.099697804847482e-05
3.4985061452225325e-05
2.872627148515201e-05
-8.619178590745842e-05
-3.3322768257344206e-05
-5.048920821831398e-05
-4.810532469295563e-05
8.975991640686561e-05
-2.1760676233547547e-05
-1.1270561018736098e-05
-3.201327966622931e-05
6.824143058032045e-05
0.00011538840233199713
-4.4233138642156235e-05
-0.00010854685262046002
1.781469203771083e-05
8.331989438020785e-05
2.7052807446581803e-05
0.00010173712508448896
-4.9599370265885115e-05
4.3204759383740814e-05
-4.04804641465649e-05
6.726112249887177e-06
0.00010966303151132951
-8.77169992302896e-06
6.632985022830595e-05
-2.1468093791501738e-05
-9.472250448611409e-05
5.810350245233017e-05
-4.644334674936226e-05
3.1340412416865234e-05
-7.112027421768852e-05
-0.00010533364258442004
3.146508641133593e-06
4.027990007054468e-05
6.239292101655733e-05
-1.711997737947104e-05
-1.4199652051134201e-05
1.75693213484917e-05
7.55643384492895e-05
-1.4451648661724555e-06
8.71866396491761e-05
7.234478083444654e-05
3.854864498114278e-05
-1.4559395779387542e-05
-7.481999391296474e-05
-2.1474139104647402e-05
7.943622223443163e-05
-4.9250508101294035e-05
-1.0030954104744277e-05
-0.00010963061779007929
8.169998967326732e-05
-1.3786953522565762e-05
1.5776648020370714e-05
-0.00014646749732389984
5.070436532743507e-05
5.8571876172129335e-05
0.00018451618831687242
1.1006765110053041e-05
-0.0002626384613194226
0.00015578584273816232
-0.00014831735717153795
5.254999345587116e-05
8.914694308230373e-05
5.2072551766353485e-05
-2.0108975322301862e-05
-3.077850900275406e-05
1.5474393077291766e-05
3.216339134874387e-05
-6.713824911271419e-05
-8.764254918110584e-05
-2.124327716697798e-05
5.212973828587058e-05
9.273696426707445e-06
0.00013390670638639197
-7.29217132498708e-05
-4.9914622632227294e-05
1.3862045011783374e-05
-0.0001469515888578778
3.0193113148925857e-05
6.55383652350752e-05
8.115447990057024e-05
-5.928208381932737e-06
9.33027841490999e-06
7.358378321712381e-05
-2.6850345495066694e-05
-0.0001474904487861146
0.00011882280180467342
-0.00012150342819535886
6.26746218949409e-05
-1.0341370220569914e-05
-1.7971067017477215e-05
0.0001811081442666702
-0.00014570442530245387
-2.500532189794513e-05
0.00011268110526754991
-3.722487860821481e-05
-5.1828318843842786e-05
-2.8463600357546935e-05
5.4028925745936416e-05
-7.722080431513104e-05
9.837417692751244e-05
0.00013842819595091767
-1.529248519047203e-05
5.277571687736676e-05
-6.053301510630809e-05
-9.286725965747646e-07
3.352250981794374e-05
-3.222171563496939e-05
-1.2194857256095414e-05
-3.061299475734842e-05
-5.660092214507603e-05
-0.00012198751972933682
8.054876095178325e-05
0.00011219852506185837
0.00013341747633624016
5.8732554167018405e-05
6.518583078118944e-06
5.59305313312605e-05
-2.3284343840890943e-05
0.000123998431133442
-4.742482950623872e-05
-0.0001827276754120327
-7.907554551469284e-06
-0.0001317067040156129
-8.193712789381904e-05
-3.2286761061575925e-05
-5.523485156575859e-05
4.710602124792984e-05
-0.0001464901672481962
0.00010665045684723047
6.361560105374117e-05
-5.6488060434328215e-05
5.705848559713365e-05
-3.723636470319162e-05
-9.231135874130986e-05
3.947420859142154e-05
7.964743690437755e-05
-1.8521715306348083e-05
8.125615778199852e-05
-0.00015668588642701815
-4.4748665804491834e-05
5.914192777335675e-05
-0.00012026835526622633
2.2424862060401525e-05
8.864532014020324e-05
-0.00015150209592550287
4.423925525122267e-05
1.7238048902313446e-05
5.7340501950057545e-06
1.3184328526272282e-05
3.0946210403681414e-05
-5.321585028482742e-05
0.00011588222467729848
-1.7990109753886137e-05
7.878003812976093e-06
0.00017101561429756296
5.281930144230608e-05
-2.0613923186632474e-05
-2.1448690479145243e-05
7.683906648981662e-05
-5.882140728462971e-05
4.220816334400012e-05
-0.0001261752604121357
-5.339829140704104e-05
-1.4059528120940502e-05
5.41278832364491e-05
3.928602442171953e-05
1.454979457427515e-05
-0.00014626383929538606
-5.763203478003747e-05
9.131967024800643e-05
0.00019324331054826712
-0.00014435769972520268
5.627123232310486e-05
-4.875245403679069e-05
-5.2507848923297575e-05
0.0001322066429699807
0.0001874598464111105
-2.1752759016167888e-05
0.00010937715722403421
0.00011825794702991014
4.869902431137198e-05
-6.401366122454899e-05
6.855959147733189e-06
-3.844387314722096e-05
3.540597946383075e-05
-3.0397850633857772e-05
-3.0755780768167444e-05
2.0861539341663563e-05
0.00012016257527180707
-5.8413242740920515e-05
1.1681517249281559e-05
-9.478433911639414e-06
0.0001488312003461408
-2.8612129415854352e-05
-4.649382511412881e-05
6.329762829648342e-05
2.819019025812104e-05
-0.00014484239579049522
-8.434398360913101e-05
-0.00014508141890091133
0.00018709496416668332
7.09252092337897e-05
-7.0379683980785175e-06
4.7023142147543506e-05
-3.839061608124856e-05
-2.837733802464021e-05
0.00011163367028709507
-4.059247487595409e-06
1.912665706437427e-05
-3.988224352891972e-05
-4.930007966908874e-05
-5.669781959160105e-06
-0.00011272002624141894
8.123318559204488e-05
4.6662189356661015e-05
-2.981087215582243e-05
1.6004733751511283e-06
5.750932790881026e-05
-6.879321663589975e-05
-5.633614814350041e-05
5.339570062233643e-05
-6.6409937641856e-05
-5.466812488676132e-05
4.876612978196642e-06
-1.628333818272433e-05
4.397665541953829e-05
1.5187309727367345e-05
6.704304841629992e-05
7.30032106281817e-05
-3.786173091970216e-05
-7.910844736992977e-05
-1.0384594209561656e-05
-0.00011588511772766034
6.20940493059988e-05
7.556439675957978e-05
7.425279230886388e-05
2.871454143480817e-05
4.623800473311574e-05
5.5536027052419405e-05
-5.562693771934141e-05
3.7534819798936835e-05
-0.00012333841871549974
-2.034189480928201e-05
0.00011877504383082241
6.002753650126072e-06
-2.9939149415091776e-05
-2.5886335836022487e-05
-9.216700309191414e-05
-2.1058964140530394e-05
8.087404888978294e-06
0.0001722382943347468
1.1841892978513356e-05
1.750403196651819e-05
8.29496296642398e-05
9.26052798521958e-05
0.0001295598573472807
-1.0153732271892207e-05
6.959698017192318e-05
3.788700688575806e-05
6.721218984959295e-05
0.00010243823264619153
6.369491127653035e-05
5.9522283876595737e-05
5.1952191724463826e-05
0.00010315227932086707
-7.351619005904801e-05
-6.994021363818185e-05
-2.2137590793975842e-05
-9.074283919610775e-05
-4.824502973691154e-05
2.9479124784540563e-05
-4.776879711002296e-05
-8.442595591254547e-05
-5.8673363642379255e-06
-2.0529413642702264e-06
-3.8292867653365e-05
8.747263055705194e-05
-6.643405808947126e-06
-0.00015386718066981927
-1.0101079737234384e-05
-3.447968171602642e-05
-0.0001088069760165958
-0.00012400646269997772
5.156500262636467e-06
-6.893237545883135e-05
2.9236172220579732e-05
-7.447621195425723e-05
-3.283361193285651e-07
0.00013348378913576606
0.0001098800475390541
1.3558639316365575e-05
-2.1250775498119824e-05
-1.701914798472439e-05
-8.734404626602367e-06
0.0002222928962571544
-4.604751678731147e-05
-2.733196059349609e-05
6.23727275278095e-05
9.122107333344126e-05
0.00014879885792081133
1.742991857019312e-05
8.69882367574167e-05
0.00014879795112383948
0.00016089739174758648
-9.154962062260248e-06
-7.889269871512455e-05
9.610623607976502e-05
2.2286182928675134e-06
3.721624251036451e-05
6.332277465632833e-05
0.00014355032425834684
-0.00012324036802195887
5.146054354905372e-05
1.5161012615183555e-05
1.88561983256005e-05
4.490312582678893e-05
1.3014338606297672e-05
-4.116658576018971e-05
1.39130803498695e-07
1.8497059128661734e-05
-7.448648898660491e-05
2.0821035743587394e-05
5.8192845752100015e-05
1.9270710448112663e-05
9.651802781136164e-05
4.1145010549366475e-05
3.0237058289812717e-05
2.37994543884132e-05
-8.384683634159954e-05
-2.3675891992978306e-06
0.00010164221366810154
2.0519989863137595e-05
0.00010736365503522443
-3.205191136007151e-05
7.660705379980832e-05
-4.439067735989192e-05
0.00012160795607391367
-1.0833866882661598e-05
1.9212248336147224e-06
9.150670366536956e-05
1.3126293520073612e-05
8.298015027609671e-06
3.60734772272844e-05
0.00013001009512764275
-9.350762504572936e-05
7.767661248353521e-05
-7.79675039003222e-06
-1.918153980778913e-05
-9.666788028145422e-05
-3.658670061351774e-05
3.940891920944803e-05
-6.323058135943195e-05
0.00014413367554849476
3.0765338920044516e-05
-1.1234483004467417e-06
9.805837834014596e-05
9.723992517359778e-06
-5.607983758032877e-05
-1.6562260359902063e-05
0.00013221063073381566
0.0001745892309034611
2.1881828723253015e-05
3.237194393806449e-05
5.251801160648925e-05
4.9775895681164006e-05
0.00016093825592161022
-9.381229811406661e-05
-5.4831162696618416e-05
-8.22063274792022e-06
3.8509106490328755e-05
4.309836187237653e-05
2.468022437112353e-05
-0.00014817354774316656
2.0090062192103903e-05
-0.000280913696189276
-7.507492870216531e-06
9.131670590172382e-05
1.0075272807209129e-05
8.565366011674717e-05
5.379251118320817e-07
3.6121595777082984e-05
5.465833803657217e-05
-2.0855860552569812e-06
3.337887532044317e-05
7.039305746030344e-05
0.00011336770407770281
3.4564368462251978e-06
-4.911516211132661e-05
1.5257551980437994e-05
-8.303080951983842e-05
-9.578650576742934e-05
-1.7347095508672553e-05
-3.3261837929359124e-05
2.2527807314749228e-05
-3.999776732029284e-05
2.9202922998278403e-05
5.1494757878617196e-05
7.974705723649508e-05
-2.95681635472286e-05
3.295680655649886e-05
6.633510536506031e-05
-9.602824926876102e-05
3.659178309082584e-05
-5.609374180056385e-05
4.78564564220601e-05
0.00010907012434072897
-0.0001185603163221451
6.07269363753942e-06
0.0001582430494834544
2.7708575159691643e-05
2.758906360448356e-05
0.00011127368260347472
-0.00010145559686555169
-0.00014395401085606248
4.540964332969621e-05
-7.600532034343177e-05
1.7037227885295723e-05
0.00016086293346265603
-4.632311404225906e-05
-2.552139528130503e-05
9.50584988336529e-05
9.708475449035891e-05
4.160811019867652e-06
7.091771090264785e-05
0.00011395196216482258
4.159904222895776e-06
5.590113431847878e-06
3.7420671781534945e-06
5.4524922261129006e-05
9.755917352330374e-05
5.321301554475584e-05
-0.00012494556995454401
-8.852743426243762e-05
7.610029234153399e-05
-4.0427090460011956e-05
6.179457306412567e-05
0.0001011929409950016
5.559508547617049e-05
-7.577385387444775e-05
-6.8115821349780934e-06
3.976556303710336e-06
2.5076298288541344e-05
3.181132088250321e-05
8.050801339834005e-05
-5.5017912782059225e-06
4.7069203148031335e-05
3.616125088847758e-05
-6.93988772743965e-05
1.8577276148422768e-05
0.00012425600906953305
6.268410875089726e-05
-2.9405369692738533e-05
7.204143344931904e-05
5.11199008674996e-05
-1.4385906006311971e-05
0.00011793610312939794
3.818478615426801e-05
-1.0353723735962925e-06
7.680799143740656e-05
-0.00010665540744690308
3.317678693050605e-05
9.826475675957534e-05
5.183243621388874e-05
-2.833611327466895e-05
-6.0999760877240286e-05
-1.248188229572959e-05
-0.00011261798778404311
1.2432254689069116e-05
-4.1093018584888966e-05
-3.6742181781942724e-05
0.00013289233498316172
5.8267017458715385e-05
-8.561889729473488e-05
-7.781099109481601e-05
9.70687344105228e-05
0.00011387694197152569
0.00016942816863653248
9.68294090344494e-05
-0.0001092241502197333
9.605394412105474e-05
0.00014069752079216505
9.843752538075582e-05
-3.8236227354872184e-05
2.595767280256622e-05
-9.378836081685082e-05
3.907009012183761e-05
8.544220149143421e-05
0.00019743902675873592
8.31170158138794e-05
0.0001328865919356733
-9.389997408841392e-06
-0.00010118145262860026
9.68248750495901e-05
-1.147706677295194e-05
-9.987252919224448e-06
0.00016310433324285265
0.00014701077688783988
1.2363582074575188e-05
1.2840116967121013e-05
5.098678735771374e-05
0.00010558433970631428
2.2197139399885492e-05
8.877522534833952e-05
-0.00014034533143391932
-4.104429550377581e-05
2.9348487710303245e-05
-1.988525113982671e-05
-6.601954846163636e-05
4.989328420423075e-07
-0.00011155810160134934
4.502299795794456e-05
-3.3762758653299314e-06
4.8777486047479565e-05
0.00012721689630623635
6.683708888310838e-05
-9.814786563701241e-06
-7.138668688233706e-05
8.406192442622439e-05
-4.915475891243093e-05
-5.165845625865461e-05
3.3933511373149055e-05
-7.788510449114106e-05
-2.1439808154503437e-05
3.9058604026860773e-05
7.527444675021859e-06
-5.1898688431699895e-05
0.0001313256873421936
-7.276091863440119e-05
9.919817927694349e-05
6.581927593706747e-05
0.00012530440915725
5.777204436107513e-05
0.00015492731307930458
-0.0001597855136004152
-2.3708411843855674e-05
-0.00010250605450257938
2.1352095075025064e-05
-3.8431665900349034e-05
3.78023725017183e-05
6.307443962082665e-05
2.850344338544279e-05
6.039162607461947e-05
3.707306627565715e-06
2.3257327848236566e-05
1.6801441738878865e-06
4.0720884236111445e-05
6.19398355104932e-05
-1.2447063434851567e-05
2.3434630454276315e-05
0.00017286317264052334
6.515727726573518e-05
-2.33559224913772e-05
6.271288229862959e-05
5.341425544801138e-05
7.034167229856501e-05
-2.0853736473439943e-05
-3.0390781903159717e-05
8.720887997302871e-05
-8.326070635024575e-05
3.922653639752471e-05
-2.10936663808279e-05
3.1238909466307766e-05
-1.730405959803668e-07
-7.193733517120795e-05
8.523981083583982e-05
-3.5817524968635836e-05
9.006718253133189e-05
-1.5075713118114446e-05
4.876055917067164e-05
-2.72952698283841e-05
-8.123777561576992e-05
-5.262784838923969e-05
1.3592609690562022e-05
2.4559562063576623e-05
0.0001257083419817572
-1.4064852282191076e-05
7.862006807788404e-05
8.452062564499044e-05
1.782272587567106e-05
0.0001148587853043497
-6.628003243371971e-05
8.034709144808395e-05
2.634498101592277e-05
1.9251726021994012e-05
-1.1981410105967976e-05
4.051937072954801e-06
-3.117471025495833e-05
0.00010818064696424768
1.2455285189313058e-05
3.844260804572607e-05
3.170698092044963e-05
-8.5535657618401e-05
-7.742972819460515e-05
-0.00010747077142705933
0.0001478752245250568
9.709176491076672e-05
1.0485913786466869e-05
0.00010382648523907131
0.0001098462520957285
-2.6112244902594823e-05
6.257916425752913e-05
-2.986247261057835e-06
8.576751559710672e-06
3.6590632338486965e-05
1.6324750849196852e-05
-9.305007457930222e-05
-0.00014800585932786965
-6.99836815825406e-05
-0.00010163405022393032
9.589544029605691e-05
-4.419479126582782e-06
5.792667704281854e-05
1.3342100485169077e-05
-3.5859208966991616e-06
-3.404419664258107e-05
5.1905398857874936e-05
-2.558094161579015e-05
-1.2825849899513858e-05
5.4527096431020275e-05
-4.006577709318195e-05
3.157870366118031e-05
0.00010143504507228085
0.00015323117911643803
-3.3505249741704447e-06
4.868402764908827e-05
-4.269019505724283e-05
0.0001512034121314456
-4.984335696160428e-05
-1.7537941758999836e-05
8.659107039795028e-05
0.0002075285923815606
0.00017099064286858886
4.8264377010402265e-05
0.00020711045307116098
-3.4730591859513725e-06
-4.215677591083716e-05
7.01675376320283e-06
4.5759470601549435e-05
2.26325661630406e-05
-1.2594081164872561e-05
0.00010458834819788813
-1.3250336788716405e-05
0.00011519737043659309
4.861867995682446e-05
0.00011841541672314961
1.8398520524386868e-05
0.00014726346026312413
0.00014189873996768167
-6.934042338196001e-05
0.00015632245947201162
-9.222921150702456e-05
0.00017378601585988653
0.00012359860269335032
3.6158286542194976e-05
0.00010184230281901817
7.7262664530191e-06
-6.064056337001125e-05
-7.905870087126422e-05
-0.0001020663960202223
-0.00016095608732396552
5.4156773404761974e-05
5.8388400918157435e-05
-2.1839753215175647e-05
0.00016114620397961627
9.415153085352802e-08
5.875499808409145e-06
-4.007998357907433e-05
-1.7370916185307773e-05
0.00016728397106319508
0.0001972052004747839
0.00012895757994130436
4.557037963487558e-05
8.616084046125929e-05
7.16170048704067e-05
-1.2962288331529865e-05
3.7045706369365596e-05
-4.276521525053975e-05
5.216221527992428e-06
0.00014832667136804802
2.2560568626316525e-05
-0.00011023888219891106
-2.6375449265593753e-05
3.108312603222551e-05
-7.054309557547278e-05
-4.2946447310124195e-05
-0.00012573760116879905
1.3081314247428418e-05
0.00019272941133479846
7.810937716606502e-05
0.00020351724750782962
-6.13660961396636e-05
4.812733404707168e-05
3.566966102335774e-05
-1.1895147773061251e-05
4.204675348300999e-05
6.952419245880777e-05
7.244451778714461e-05
-1.3446077599850556e-05
-9.43894874704883e-05
0.00011458409484637396
-3.1353808506797993e-06
-4.685403880497256e-06
-0.000137961691863928
-2.1971355396675112e-05
9.908537587648597e-05
-2.787281976075336e-05
-5.5809848804145386e-06
0.00014539727806999261
-2.2807331751817004e-05
3.894277796983041e-05
4.40684751548567e-05
0.00016470797391459003
5.06243815488351e-05
5.020684676975009e-05
1.4682176217960003e-05
8.959828053865202e-06
-5.028749111853035e-05
6.367628742635922e-05
-0.00010345543878949337
0.00014271144186721262
-0.00010399248512378646
0.00010653081795723593
-2.1679075220286577e-05
0.00019057276255922217
0.0001359150010345317
4.358710401179431e-05
-3.26475389215876e-05
1.5155083922618407e-05
-1.3276633900900195e-05
2.296268785688003e-05
-9.159774166707805e-05
-3.396035243493262e-05
1.8849060570406203e-05
2.2425036991272366e-05
3.529933799709944e-05
6.152364436276124e-06
1.9026665442103225e-05
-6.406251164044858e-05
-7.479164996567617e-05
5.222554578502398e-05
-0.00010244880967277199
0.00018514329910283047
-6.0547348926986955e-05
2.713078127195538e-05
-5.268014034794997e-05
1.4195968824381013e-05
0.0002673961975645831
-4.9820024195703066e-05
-0.00010876932014422167
-8.033820685201764e-05
-4.111865285546791e-05
0.00012523760844699005
5.949338299407692e-05
-2.2582515127293247e-05
1.7471503896111952e-05
9.805668136678278e-05
0.00010163265778764894
0.00023413348085768503
-9.410960018604845e-05
-0.00010424269206352213
8.017377660587917e-05
3.69005022332883e-05
2.2297061997660322e-05
2.6647898800606564e-05
6.58078481523809e-05
1.5143597827641572e-05
-0.00015157089587478328
-5.97204405415636e-05
9.18222655313066e-06
-7.456260162195044e-05
5.150091981234343e-05
-0.00013869780393158533
3.5585875125999586e-05
-0.0001534207557224214
-0.0001412021058091236
6.401638388688904e-05
7.444689445692512e-05
6.502905831675613e-05
0.00014448174753669453
-0.00012111685184810336
-0.00015819124316405363
-2.0869807629628613e-06
3.7967038260442365e-05
-1.6107481360743108e-06
6.375971998170732e-06
0.00011402165819686893
4.231696826641673e-05
2.4971714371120786e-05
-7.134969385156776e-05
-4.1726487663855925e-05
5.286578132903172e-05
2.3182365965229918e-05
-7.957634389320079e-05
-8.583513386027411e-05
1.4777204254927965e-05
8.284540632276678e-05
0.00010775984557322279
6.311566437079791e-05
1.6862157759437514e-05
-5.6571066869501036e-05
-5.7048206293361435e-05
-0.0001295873612506691
-8.261920343331856e-05
0.00016599146765917844
0.00011359868263595278
2.4012599272883392e-05
-3.3462349446781786e-06
0.00021564092769444968
-0.00012428466372526033
7.322089673144868e-06
-8.709196991673116e-05
3.28918777504729e-05
0.00011848384538227654
9.526252467205172e-06
-2.0991627923452102e-05
6.406389790537305e-05
-7.27886687645811e-05
-5.633808907223059e-05
-4.632481101562224e-05
0.00014446935464474585
-0.00010122129338507158
0.00012146135723013052
-5.395541460950139e-05
-9.949366548355713e-05
-3.1306254126167526e-05
0.00015269298202980606
-2.5107975600841448e-05
-9.228271252836398e-05
0.00010125326679167208
9.547131398280191e-05
0.00013934003027183214
-6.349487816447943e-05
-6.095907511435562e-06
2.6328716980719637e-05
5.407184398900254e-06
-8.727834049248944e-05
-0.00022198513995052956
-5.157576280334506e-05
7.955415343685704e-05
7.716966538018414e-05
0.00010226291856496632
2.495539202562741e-05
5.3326900673056045e-05
0.00010106991887248663
-6.755192346275072e-05
2.6742322306259978e-05
6.0895481496901505e-05
-0.00013836314825288663
-5.743115893299788e-06
1.8515672264626923e-05
3.28204847450634e-05
9.421296659805844e-05
9.755052443982302e-05
1.3090440527437227e-05
0.0001367101715259401
0.00016388958727786096
-4.99721804418979e-05
-9.342426874881494e-05
2.8705346130303148e-05
-0.00010671670906504163
-7.363643348035713e-05
5.1234995058428956e-05
1.3456051157697017e-06
0.00020477595546852063
-6.958452669825969e-05
6.851913298066311e-05
2.22060217245273e-05
-6.422101546544641e-05
-2.4643833600244307e-05
-6.565213147137033e-05
-5.098969112228151e-05
5.629836720776431e-05
0.00015315561270211678
0.00019171951560613724
7.733790001650536e-05
7.70395745269711e-05
4.1097671461753254e-05
-2.3544168451637855e-06
0.00014200773053517503
-1.0222834486829895e-05
-0.00011482928833329772
5.635494919596686e-05
9.386186847301745e-06
-5.396067322652404e-06
3.4836765635078994e-05
0.00015261524144559357
6.106722322026111e-06
-1.1059717638943662e-05
-0.00010243394034527476
0.0001522564045143121
-8.318224461413817e-05
-2.709457614615289e-05
2.5178395056207415e-05
6.523241407961264e-05
8.428885343008102e-06
8.782196991817111e-05
1.3353280834220156e-06
1.9097209960831148e-05
0.00014533954532945122
-5.016399179948733e-05
-9.701354485860164e-05
8.069141614754733e-06
0.0001216156876462166
-2.4714017543024658e-05
1.0512025253573928e-05
6.677850765588538e-05
9.854748105551128e-05
7.63146462886333e-05
-2.0245180513156784e-05
6.218774094555115e-05
9.187055177803841e-05
5.908769488591626e-05
-5.881059474546367e-05
-2.1081156868298675e-05
0.00019748877325740145
4.1205092390669926e-05
5.918840417981402e-06
5.586723047410147e-05
-0.00014655044544878236
6.468811336954471e-05
5.145557996375072e-05
5.366064955478287e-05
0.00018413491470245567
5.330241715481598e-05
3.1358568383641253e-07
0.00013496017596578653
3.279751255510973e-05
2.570425756118097e-05
-2.2158574459114975e-05
-1.697327262931329e-05
-5.500133826166981e-05
7.136020639650104e-05
4.608753474607814e-05
4.3822255978956024e-05
4.5788906990886614e-05
-2.1505039226186703e-05
0.00011630059722885915
0.00013549299058087766
0.00011892259706766176
6.211906833105722e-05
-8.021712565823289e-05
0.00010384171514251609
3.9229977940335374e-05
2.6176258468867553e-05
-0.00012498142294718037
-3.2654130455757595e-05
0.0001233905273005578
-7.384154452686706e-05
2.879735151069829e-05
3.839339705387891e-05
-6.96105215447862e-05
8.989120560850183e-05
0.00018788093935358675
-5.1551220974814694e-05
1.0437307325934255e-05
0.0001736345224552965
-6.400949852984318e-05
-2.9737130049650848e-05
0.00015205673424963326
-0.00015162923314663925
-2.0201293682560223e-05
3.475388653469266e-05
4.089286268090062e-05
1.0136563711141757e-05
4.6256676179371175e-05
-0.00013255756041245797
0.00014090824755137694
6.976308475416932e-06
5.048739689579479e-05
-1.7402595769032436e-05
7.879899863279076e-05
8.100406822382294e-05
-0.00016742839346566246
0.0001602180365990025
-3.873852733305187e-06
7.623448757916254e-05
9.476983165067766e-06
0.00017559482588842414
-1.0669991300328867e-05
1.1621843580009953e-05
-3.68370348880399e-05
-5.549359096839444e-05
2.8787074478350632e-05
-6.550777582197464e-05
-0.0001318480477226417
-7.57603792546564e-05
1.1142890562205858e-05
-5.919089253841238e-05
-1.8481222422477857e-05
-1.675298998964883e-05
-4.2681312732601026e-05
-3.481380188790674e-05
0.00015043713180835002
-8.23073484939712e-06
-0.00011742674634357002
3.820067889931763e-05
-2.068901240442558e-05
0.00012599771612215345
-5.043233467866008e-05
5.900149086329981e-05
3.658984216209566e-05
0.0001005453237404325
7.443818706315413e-05
0.00020127656887952808
-5.579856630238896e-05
2.3832936851875643e-05
6.904915470007432e-06
-0.0001314377673193315
-0.0001137354900866978
-3.5117265893614834e-05
-1.73553840162057e-05
-3.207803354138446e-05
5.3454329445643786e-05
0.00014989434242656852
0.00013248948388649718
0.00013487336741185553
4.713502803682323e-05
-3.0589731015943445e-05
-1.8132662523544078e-05
-0.00011713627976112518
2.5497332920727312e-05
-0.00018103306349165848
4.504705187574086e-05
-5.0559100609643e-05
-0.00017018592493950926
-1.157826745785208e-05
0.00021325015036926406
2.2634194111907538e-05
0.00017009578302056667
2.5196589305934787e-05
-5.917337532476393e-06
5.666723721602646e-05
7.162770078899221e-05
8.682658294105954e-05
3.8665727696886646e-05
1.75057765359657e-05
0.00014416534441801348
3.6399844398449926e-05
4.2479215899882497e-05
5.654560980121741e-05
-7.893605003890278e-05
5.952523750867237e-05
-6.492956304800056e-05
-1.1583708239683223e-05
0.00017867401561770638
-8.66368517700363e-06
8.688225813229024e-05
8.144220118341925e-06
7.919265442495028e-05
-5.029010908333951e-06
-0.00010349618634293656
-7.434981731342782e-05
1.7054071543133142e-06
-1.871173797867397e-06
3.1149497142041736e-05
3.6714536349293566e-06
5.9997540682016196e-05
-3.5250983934715296e-05
4.193672878375829e-05
-0.0001544012733720357
6.434747068799059e-05
3.734626433908136e-05
6.178386643133422e-05
-8.25189344540704e-06
3.090805590636733e-05
8.288300388485065e-05
-8.252800242378915e-06
-6.970549127146392e-05
-7.846767631910362e-05
8.353744591475083e-05
-5.534167867756663e-05
1.0044314375379584e-05
2.2680196802105123e-05
-2.9116541773366604e-05
2.1547104020058154e-05
0.0001039204208339907
-7.686076903542637e-05
8.508474855365268e-05
-1.5647403382414746e-05
4.950017109142991e-05
7.059991307626091e-05
-3.250544066105371e-06
-5.266309685056147e-05
1.5405105217277347e-05
-9.28372319604893e-05
8.967188807609949e-05
-0.0001443958542225168
3.817287045884742e-05
-0.00010583225358415361
1.1528989712933233e-05
-1.028661254051701e-05
-5.671893308620361e-05
-4.0864399841606975e-05
0.00015171790516202286
-0.000100290835213986
-6.643569924722143e-05
-0.00010404653236615019
8.489988930618082e-05
6.034247339306261e-05
-0.00013182320362845407
3.018191860540038e-05
3.709575513368839e-05
0.00015064230116515026
0.00020291527236751056
7.393051880790795e-05
-0.00017235617566966341
3.9538034241192984e-05
-2.233188930131976e-05
2.3441313700346862e-06
0.00011779802603430903
1.1641851423681022e-05
-8.008999915130242e-05
-1.3154285334196025e-05
6.743089213647483e-05
-0.00013385429553567662
0.0001291806995924649
-9.934381074204002e-05
0.00010653033004650193
4.2574243936850485e-05
-6.537007001703924e-05
8.501214648561404e-05
1.3665084423814184e-05
7.201772939326433e-05
-2.8535608608476926e-05
-4.290063026500337e-05
3.863822152207371e-05
-6.763716237810505e-05
0.0001458067682969115
0.0001083151444675335
-6.6029129250769e-06
0.00012542107298675603
-6.287030212436022e-05
-0.00010507069289099406
5.53847085787002e-05
-4.95197684916446e-05
-0.00023721509715500695
-4.415595499317399e-05
-0.00011144990121024728
0.00010264968055729854
-3.563339758726498e-05
7.34124903013436e-06
5.850830645092321e-06
0.000224659179349894
7.29054514860922e-05
-0.00012873736405471159
-5.351660461382589e-05
-4.243044295126051e-05
-0.0001103800402608631
-2.216546825894227e-05
2.76041078628516e-05
7.48106842593037e-05
5.043208228051166e-05
6.533294120870205e-05
-5.7572138583810725e-05
0.00011426775003798315
2.736387568980634e-05
-3.522130359001109e-05
-0.00011157515581294378
1.4547970266125482e-05
9.042438079954047e-05
7.635738236689101e-05
3.8806153892737645e-05
-4.702483684948213e-05
-4.630988337783474e-05
-2.30643741810897e-05
0.0001443051660825499
2.404373947734878e-07
0.00012022428506197752
0.00011325023935759951
-0.00013202317615879018
9.167275341759356e-05
1.978924955281519e-05
7.921477812822234e-05
-0.00011837492156785488
2.300699357371441e-05
-4.512141767021435e-05
1.543659915592525e-05
2.0800714920053107e-05
8.904773092221807e-05
9.071635871027174e-05
6.792716600864462e-06
9.721266045947474e-05
8.80928475431827e-05
9.327814937298438e-05
3.8501178558743125e-05
0.00010728463636388663
-3.189251145230775e-05
-1.5918768918160364e-05
7.527603532252999e-05
9.417040545067155e-05
-6.342457760111854e-05
1.2511437577071815e-05
0.00023882997152357274
0.00019323211600474162
-5.9134252239919564e-05
-7.826764547847723e-05
-4.006137044310914e-05
-0.00010753413059450863
6.608461884707146e-06
-3.93470215027763e-05
-0.0001288138955762949
2.669432037704194e-05
-0.00011808566404803916
-7.368050595603045e-05
-4.2388369714607644e-05
0.0001360676344772546
-8.464866739167417e-05
6.072675894984626e-05
7.377987388999953e-05
0.00010668133554035789
0.00010334317316727874
1.8465856741465186e-05
4.153255200388406e-05
-9.448554963921462e-05
-5.300101914120002e-05
7.61023391766388e-05
0.00011728884645077642
0.00011335463762994334
0.00013141454273122942
-7.755964411694738e-05
8.27765480631961e-05
2.0489392007255622e-05
5.845724846352215e-05
-0.00010706515234339489
0.00011257766138826229
3.64026230996558e-05
0.00013659772870143014
7.377413084251112e-05
9.636398894672689e-05
5.398478424576688e-05
3.5328228165412316e-05
3.5506739834081214e-05
-9.137441368343665e-06
0.00014875496037600883
8.348757208129882e-05
-3.764653833330915e-07
0.00021723979042596078
0.00022325955728261796
0.0001322429624449392
-4.746534381852081e-05
-1.9809090908396858e-05
2.8827996962664618e-05
2.709915999852099e-05
0.00014344712433442622
-1.58763934158502e-05
5.342557858531563e-06
4.7482739449075434e-05
-1.4089160869560355e-05
3.2998206237340965e-05
-0.00010421198830126553
0.00013831900902414162
8.711831689642378e-05
2.757297450015127e-05
-4.2164762152713036e-05
0.00012353584805721563
5.12351116790095e-05
2.4114696040549463e-05
-2.070829909620156e-05
5.427404176558257e-05
1.7438069028733865e-05
-0.00014188544872154258
6.649023793073587e-06
1.1595907043773735e-05
0.00014898431098539185
-0.00013193268210668144
-3.68039713108153e-05
2.8939649610783258e-05
0.00010743866451431544
1.3501442082642539e-05
0.00010356375807260047
0.00015613475249883773
2.6017510688502695e-05
0.00016120054277343136
9.313173617427799e-05
4.320513193288659e-06
-0.00010189526606211474
-9.031531767713416e-06
7.024234351789884e-05
0.00011321699013529821
-9.599561529198019e-05
0.00029423569178684494
2.12461164498986e-05
2.8040743688635857e-05
6.284746079961005e-06
2.875539489462597e-05
1.2773513875135906e-06
0.00012579115205764733
-2.7763689885275194e-06
2.3449372446987082e-05
0.00020482600423284345
0.00018777877356142443
0.0001557707770513824
9.813278328792239e-05
5.685676975634253e-06
0.00015135912654103164
-4.03893179670573e-05
-2.8826319146288794e-05
2.165851271280979e-05
0.0001372316166666349
0.00010033603928501081
6.493057802277151e-05
2.7796582062045876e-05
0.00017060900867822454
-1.4821343483672968e-05
4.615390585589434e-05
8.430057624648704e-05
6.933950814220672e-05
4.502051080819007e-05
0.00015326224345464214
3.6913674587422344e-05
6.653688077513421e-05
0.00014223447737422303
6.635746230949349e-05
2.141525788319166e-05
2.9819210530864437e-05
0.0002488063731699923
-9.22243632833097e-06
0.0003009002281723692
-8.45037072109639e-05
0.0001481329190817284
-6.20929653067316e-05
0.00011409806238366581
0.00010706441203451242
2.874360653399186e-05
3.35712804951412e-05
0.00013001129347606596
7.606878768868017e-05
5.1392162486011176e-05
9.12673675750902e-05
3.0351118348983684e-05
-3.622757213078492e-05
9.716732061088203e-05
7.785511343799816e-05
-3.956633903517864e-05
0.0001165379233659121
0.00010551076181680757
0.000217924819597537
8.831423459809397e-06
0.00010300645993926928
2.4328026570096385e-05
6.807753356957583e-05
-0.00011741242323709707
6.616958040544878e-05
0.00011319734286757466
0.00010449476246471035
-4.421912851554653e-05
3.0942026280563774e-05
3.4935235214857645e-05
-8.61817052343934e-05
-6.049240560185732e-05
0.00014520292125235845
0.0001660642446580879
9.853187986191302e-05
5.591425658185142e-05
4.375460678201446e-05
4.3694699871581796e-05
8.32718817367839e-05
-8.901789517249661e-07
-5.560754512119086e-05
0.00012243122655724366
-9.625851738932181e-05
2.903014366289198e-05
-3.2162714262516233e-06
0.00015574901392405787
5.579172237007052e-05
-7.480235659846761e-05
-8.760712452992073e-06
1.359072707212211e-05
5.251225784479489e-05
9.214904435477238e-05
0.00020682807863696667
7.760490649826249e-05
0.00015377934025555444
-2.6235499007278636e-06
7.635230216100744e-05
-5.489742790005999e-05
2.5568540281060054e-05
6.574176859401603e-05
-5.4898334697031865e-05
-3.582515063456414e-05
-2.622910509138352e-05
9.035727782362324e-05
9.31583938624093e-05
9.095271974006257e-05
3.552009783329202e-05
0.00010203857913697068
-1.1150943557153417e-05
3.563840032587092e-05
5.834746771963748e-05
5.250591026599192e-05
-7.784975012344465e-05
0.00016748266550640586
6.669090892556302e-05
1.7099542206780742e-05
-4.828705537748005e-05
0.00012605622832488026
0.00010471746322963311
8.098031783067608e-06
-4.101649777751154e-05
-6.456063472944811e-05
-8.830594130115177e-06
0.00013106120489206935
4.117709830512298e-05
0.00010239076622379188
0.00013296764672791
5.42892133587371e-05
3.980498241265985e-05
-0.00010282923480050719
0.00016390124830370858
9.535560454635209e-05
3.921777195245571e-06
-1.7118964676124594e-05
8.39702105972806e-05
5.4823237036457316e-05
0.00013165332188627856
6.149835271998649e-05
5.1305656197737394e-05
0.00010751253395527348
8.516048989884472e-05
4.4748238475472604e-05
0.00010000144191660241
-6.810383786554888e-06
-4.495765870846216e-05
0.00010685506926880049
1.6374916234100244e-05
4.546168061883357e-05
1.592359798488767e-06
0.0001496499951549018
-0.00010092823374649766
-4.2515984132272117e-05
-1.885324242209934e-05
5.344688942479219e-05
-0.0001067110933523397
0.00013331650889250108
-3.655267067003852e-06
-0.00015821041323524904
-0.00011356683656413877
5.21337736457899e-05
-1.313361464892011e-05
2.8410520493869854e-05
9.671714114081021e-05
6.524558643374669e-05
0.00010619367512878277
3.264124121029347e-05
0.00012687588233452877
0.00020841473412160582
6.035649423387823e-05
-4.6812959337931385e-05
1.4579522515063685e-05
-2.6547984645613148e-05
-3.119744920375092e-05
1.65455689956797e-05
8.139512024564743e-05
4.6406891496835855e-05
1.743873187033871e-05
0.00017854978443256227
7.048626118912179e-05
-6.493579400622298e-05
-4.04981919139701e-05
-9.819579032220552e-05
0.00010404246713503757
7.91870279980424e-05
-3.567142474979261e-05
1.9700987980887983e-05
5.111233351186157e-05
-3.448023865125667e-05
0.0001089282344126759
1.9222941760055736e-05
6.279363482520901e-05
8.288009784885832e-05
6.309105351777136e-05
1.570505865567854e-05
-4.991995750768381e-05
-4.3423353492823535e-05
3.775787042560122e-05
-8.169013996993889e-05
0.00011613737377392532
3.632645215402e-05
4.6578148789729886e-05
5.331432339502273e-06
-5.671730513733664e-05
-2.4352285289956806e-05
0.0002015490161431164
8.049168033864076e-05
7.089503026414554e-05
1.146889715742381e-05
7.804698310587786e-05
8.722579613563075e-05
-1.8572750606344913e-05
0.00010200714350861302
-5.594546741182941e-05
1.3851269354495739e-05
-0.00016520138581643497
1.0214781491882336e-05
4.9315126198881285e-05
-3.2403144053836535e-05
9.4986189576058e-06
9.586544697148954e-05
-5.13583278893826e-05
0.0001266208391442765
0.00017221809013179306
5.551189339592094e-05
8.841335504627926e-05
-3.795332686907306e-06
2.0523060115794768e-05
0.00012846676953836992
7.118640364356225e-05
5.4616010130346384e-05
3.184673356048984e-05
-1.8897976480385299e-06
0.00018967922839440967
0.0001381209083980395
-7.019762735760803e-05
0.0001911088330720472
3.190452461132153e-05
-3.491258444754863e-05
-3.4734072778879735e-05
-1.1786586806011645e-05
-1.3753842349256836e-05
6.337426572444136e-05
-1.6547039911670868e-06
-6.36377319408022e-06
-0.0001234275977986047
-1.4232190835746384e-05
-3.2113886534020845e-05
-1.8285911211787494e-05
-8.403013666470063e-05
0.00012393016669097996
0.00010807502891506876
8.834558922875719e-05
-9.21375774167829e-05
-4.391772205914916e-05
-6.585253360215024e-05
1.431541135509288e-05
0.00015343234999519732
0.0001384116772461416
1.3182016307388637e-05
2.8142479880354383e-05
-1.6601447729982306e-06
5.895747669791676e-05
-3.313200174571903e-05
-0.0001255791080580072
0.00010717672752423593
-3.7478186684233254e-06
6.801587137548971e-05
7.695668597137127e-06
-1.751739840851038e-05
2.7781829355129166e-05
4.1252176808710174e-05
1.1032319641929853e-05
0.00013560572495683899
-4.964581327073238e-05
-3.039381527393848e-05
8.468110853958907e-06
0.0001842419060309286
2.670652762391389e-05
-2.8964512861958254e-05
6.741589547419109e-05
-3.111088460518689e-05
0.00013685470210620662
-6.792794068142063e-06
9.948198530072212e-05
-8.344497178060901e-05
1.2279785463011061e-05
-0.00020933058607754856
-4.1007371497502705e-05
5.4478967167015776e-05
-5.3226928207772385e-05
9.882421834859183e-05
0.00011986435568864744
0.00011408240287977728
1.6390087827254716e-05
4.029124811652908e-05
4.494010814335228e-05
9.482889355469696e-05
6.115196699094398e-05
8.690087126825543e-05
-1.6692303617030777e-05
0.00015180972489734125
-5.430343900161681e-05
5.930271167462042e-05
3.4983714340603746e-05
1.197601919164569e-05
2.9261063910851698e-05
-4.286085853302823e-05
9.852105660854103e-05
2.711438990196576e-05
0.00016158216624958974
5.804859600907895e-05
-2.527899965257442e-05
4.40381117991281e-06
0.00014864674927070082
4.4517132582436126e-05
-8.54808999383481e-05
6.071532170994626e-06
8.212675663873576e-05
5.727131750174057e-05
-0.00013686131279736397
5.387324821822876e-05
-1.419555838092461e-05
4.862743494667981e-05
-6.909204075037398e-05
6.132261975252344e-05
8.96941283999521e-05
-1.0620791022687622e-05
-0.00013281061507789568
9.148136094624194e-05
-4.47751592759583e-05
-2.0337557183705416e-05
-8.584336405751699e-05
8.92771886969678e-06
9.082419852542622e-05
6.0008294910892e-05
1.0774556060762067e-05
6.739866633172586e-05
3.229122829336351e-05
4.932394075801911e-06
-4.3884112260900285e-05
0.00011037240615215338
-4.859348372947072e-05
-4.388501905787216e-05
9.105959444795494e-05
7.699259601530548e-05
0.0001578161920650779
-0.00014092258981483722
0.00012145675422077501
-7.741874190374731e-08
-3.715181005785399e-05
4.247969309641061e-05
7.418906185126112e-05
9.695773388980304e-05
0.0001965567930438235
5.284969222469943e-05
0.00019661579315728434
-1.6295576313221747e-06
0.0001243743591581963
0.00011287036045088864
3.9258321887623946e-05
-5.551336557090442e-05
0.00014958591483555742
0.00011739910439118918
6.584078439481902e-05
0.00011203408183008948
1.2434418144754441e-05
9.242354916767139e-05
7.483987669327385e-05
0.00013962982329846619
0.00011084047760629524
0.00012532410402105786
0.00014529135775515642
0.0001411187303552218
-1.5582183024937424e-05
0.00013396556845086038
0.00010815645499745894
0.00011316294289293448
-4.776990026627751e-05
7.364445887553592e-05
9.539985195289622e-05
8.628003903660416e-05
9.450517774995076e-05
5.4927391353434113e-05
9.670994507532567e-05
8.306017915610394e-05
0.00014779052111652086
4.228999759842215e-05
5.468746144604613e-05
0.00012215961706613104
4.142118145200331e-06
0.00012853670952578326
-2.727013418274513e-05
-7.243275803871154e-06
7.507043636528603e-05
4.133390515675766e-05
1.9697116837633533e-05
-8.389605804765265e-05
8.269862183390688e-05
8.52613192935914e-05
4.961743945225053e-05
6.731971668488425e-05
6.159736852078945e-05
5.009336981348178e-05
-2.7512179949734086e-05
-1.3147762824522246e-05
0.00010188889932632439
7.137101893566709e-05
2.4759884455654343e-05
-0.00014809388765863574
9.13376681384511e-05
0.00013317982650511801
-5.103251639445509e-06
-0.00010696789182624536
9.380072509659865e-06
6.499090381944202e-05
-8.449784754289494e-05
-4.1642410215046385e-05
0.00014950938331397408
0.00021078265587741836
-4.009359624785808e-05
7.45258333895608e-05
-3.997499148962187e-05
-9.308303225015219e-05
9.037976210284288e-05
2.3622257688748078e-05
-3.425415465381352e-05
9.145173891182803e-05
9.395483172673717e-05
0.00016649338215273028
1.4322421775500718e-05
-7.671994412275724e-06
-6.542919746528651e-05
2.958030404102887e-05
3.810346597825243e-05
-3.962129307451425e-05
0.00010122418026407653
-7.615954485314325e-05
-5.422533784145677e-05
6.94539978018215e-05
3.232935190705216e-06
-5.6014383981690366e-05
3.905472216940041e-05
3.6431815533625946e-05
3.142472310683583e-05
0.00013358678198619806
2.5158658594568047e-06
-2.3710480107372344e-05
-3.378396734007063e-05
7.60074860705416e-05
0.0001434200370458511
-0.00012128449266731595
2.373330580555217e-05
0.00010652385513291248
9.156278702863213e-05
1.0738586447545139e-05
4.599005770022631e-06
6.301125538424817e-05
-2.252171213409465e-05
-0.00012110809685824805
0.00010330308845544036
0.0001648743842427616
-7.672258537062219e-07
-3.480178028611154e-05
3.123986385936397e-05
0.0001937218232514215
6.98016890446541e-06
-7.175786910948288e-05
-2.7531524951800336e-05
0.00014252022432673184
3.618523578177767e-05
-1.1617991593742888e-05
-9.303823862258376e-05
0.00013518764395672965
3.0283166886384846e-05
0.0001293457842374268
9.054285822299022e-05
0.00014949154964019428
0.00018459838314724205
0.00010460864759301056
3.8506794271445056e-05
0.00011986683212419599
-6.967624052720348e-05
0.00034475455233043027
