0.000000000000000000e+00 0.000000000000000000e+00 0.000000000000000000e+00
-5.614442192525443964e+00 2.748525457512911316e+02 2.050490562658277668e+03
-6.318126122893755969e+00 2.955922155243531961e+03 2.145053865244332428e+03
0.000000000000000000e+00 5.175000000000000000e+03 0.000000000000000000e+00
-6.157931849707966698e+00 5.452223068980024436e+03 2.057308371011261443e+03
-2.133947235870283876e+01 6.159386855295956593e+03 5.419197625613875971e+03
-4.119078663368622273e+01 6.543804224390596573e+03 8.895261095370273324e+03
2.596992037218273305e-02 6.550670217585546197e+03 1.978937030453868147e+03
0.000000000000000000e+00 1.067500000000000000e+04 0.000000000000000000e+00
4.835098592519438965e-01 1.094447509716018067e+04 2.063602413138716656e+03
-5.024350649568611882e-01 1.167052503454360703e+04 5.463610072379616213e+03
-1.189391378116362752e+01 1.204380422439059657e+04 8.896385364298674176e+03
-1.396954077292676466e+01 1.368373230619456626e+04 2.050885391779097517e+03
0.000000000000000000e+00 1.617500000000000000e+04 0.000000000000000000e+00
5.004968074121770805e+00 1.653643717629676030e+04 2.027254567840110667e+03
1.509275771385279619e+01 1.716542641259740776e+04 5.418951925164767999e+03
1.740295907135897124e+01 1.754380422439059839e+04 8.810279326125888474e+03
1.077706881058855743e+03 2.290892008768623214e+02 2.050568874322350894e+03
1.076986264443254640e+03 2.909388006747495183e+03 2.116239817123971534e+03
1.077317448572974627e+03 5.404526478522405341e+03 2.054028226277705471e+03
1.619429390563865127e+03 2.041723347462447293e+02 2.050279305816115539e+03
1.619094423936121984e+03 5.379570827498431754e+03 2.051219871219874676e+03
2.160734106523480023e+03 1.887009084835733574e+02 2.050222305795939064e+03
2.160501982676398256e+03 1.528717699662277255e+03 2.079356676320011502e+03
2.160395107195953187e+03 2.868746024209087864e+03 2.093775861245362648e+03
2.159975050386869498e+03 4.116637288933815398e+03 2.081044533708491599e+03
2.160529889666678173e+03 5.364544886865614899e+03 2.050345338386196545e+03
3.003384398809129380e+03 1.637525422182052534e+04 2.043982854826930634e+03
3.250000000000000000e+03 0.000000000000000000e+00 0.000000000000000000e+00
3.243428252062068623e+03 1.877771303675688159e+02 2.051555503910733478e+03
3.243786427547962830e+03 1.527913796571375087e+03 2.070637627064406843e+03
3.243839258375531699e+03 2.867893808410231941e+03 2.084942919305111900e+03
3.243291883045983923e+03 4.115379115094412555e+03 2.083559829306101165e+03
3.250000000000000000e+03 5.175000000000000000e+03 0.000000000000000000e+00
3.243122738138215936e+03 5.362681012484978964e+03 2.052037308352314085e+03
3.228587561140345770e+03 5.780939418425392432e+03 5.404242886408634149e+03
3.208809213366313998e+03 6.526492435886833846e+03 8.866432493762409649e+03
3.249335812023584822e+03 6.463556769069514303e+03 2.022424781279861463e+03
3.250842351644869723e+03 7.564400373408871019e+03 2.017958408242904397e+03
3.249445056924153505e+03 8.665246086795925294e+03 2.027837752931449586e+03
3.248481772599090618e+03 9.766095428378837823e+03 2.042359733174078201e+03
3.250410189104844903e+03 1.086694817883841642e+04 2.054313301218635843e+03
3.252031071327944574e+03 1.196732818927159860e+04 2.058778377530686157e+03
3.251677668371919026e+03 1.306771297005686029e+04 2.057519643172569886e+03
3.252192921858948466e+03 1.416810138928325978e+04 2.053767202878527314e+03
3.252235718753121546e+03 1.526849273700386948e+04 2.049551582482189588e+03
3.253313684195364658e+03 1.636889156368404838e+04 2.045279052294377834e+03
4.418194599063802343e+03 1.878088911592285228e+02 2.055264568979238447e+03
4.418776486811369978e+03 1.527806432774602627e+03 2.063996282599503502e+03
4.418856903174878425e+03 2.867802706726986798e+03 2.072831907206443248e+03
4.891100129318506333e+03 1.877763096961471945e+02 2.056387504276709024e+03
4.891863761649136904e+03 2.867757654480169094e+03 2.069299024775916223e+03
4.891706291934282490e+03 4.115238975867666340e+03 2.064835117192943926e+03
4.891984955377946790e+03 5.362717687365458914e+03 2.057944248538654847e+03
4.896894411362296523e+03 6.462727708738143519e+03 2.054299589452161854e+03
4.898826626193397715e+03 7.562739302445853355e+03 2.052556994035314801e+03
4.897441940065164090e+03 8.662748999062168878e+03 2.051917260618385626e+03
4.896511389112270081e+03 9.762756419297420507e+03 2.051550950985931649e+03
4.898373680688656350e+03 1.086276164731950848e+04 2.050541057105996060e+03
4.899997708814124962e+03 1.196289484199019353e+04 2.049441741268045917e+03
4.899681643135246304e+03 1.306302553561554487e+04 2.049154803338650254e+03
4.900176021715517891e+03 1.416315375076792225e+04 2.049270750736990976e+03
4.900338628361352676e+03 1.526313643378683810e+04 2.049340138615310025e+03
4.900827187189825054e+03 1.636311578777508657e+04 2.049264227815400318e+03
6.000000000000000000e+03 1.067500000000000000e+04 0.000000000000000000e+00
6.000318039314630369e+03 1.086178097573253035e+04 2.049721964551778910e+03
6.000000000000000000e+03 1.617500000000000000e+04 0.000000000000000000e+00
6.002532790590434161e+03 1.636577499634778724e+04 2.048995180907793838e+03
6.008771819198354933e+03 1.688089744056114068e+04 5.452173022931739979e+03
6.017402959071358964e+03 1.751184399946057238e+04 8.856089500761254385e+03
7.094658616497560615e+03 1.871730380264764904e+02 2.056272108967761142e+03
7.095899208534008721e+03 2.867228616824993878e+03 2.071460669915779818e+03
7.095835515000633677e+03 3.762288782776015069e+03 2.067299400645037622e+03
7.096276162404366914e+03 4.114812139596970155e+03 2.064689094227963778e+03
7.097150562779001120e+03 4.562341666898512813e+03 2.061121972711055150e+03
7.097045518496212026e+03 5.362393441070716108e+03 2.055429599658232291e+03
7.099118670184671828e+03 6.462459851370572324e+03 2.050945901054400110e+03
7.100534370412090539e+03 7.562524665334304700e+03 2.049361418444972060e+03
7.101397914616220987e+03 8.662572448751245247e+03 2.049542518210146227e+03
7.102226408315210392e+03 9.762618840311703025e+03 2.050229336538255666e+03
7.102262173027506833e+03 1.086266533371062178e+04 2.050128020846449544e+03
7.102668382977445617e+03 1.196283277859605914e+04 2.049528388455782533e+03
7.103489491783332596e+03 1.306296740110245810e+04 2.049363839243242182e+03
7.103902830004551106e+03 1.416310074499803886e+04 2.049315665024480950e+03
7.104059806733479491e+03 1.526308925672835539e+04 2.049016096922040106e+03
7.104251952545364475e+03 1.636307620729428891e+04 2.048475433408621939e+03
7.567564980836896211e+03 1.861263238900982060e+02 2.055166205506931874e+03
7.568914895426740259e+03 2.866233712845828450e+03 2.076085074738253297e+03
8.750000000000000000e+03 0.000000000000000000e+00 0.000000000000000000e+00
8.742334760979034399e+03 1.859776959157430269e+02 2.052139851248209652e+03
8.743951570442803131e+03 2.865956402315121522e+03 2.090835081275732591e+03
8.743669838290981716e+03 3.760829406697814647e+03 2.090096753027558407e+03
8.745992935960543036e+03 4.560715432259185945e+03 2.077553203489929274e+03
8.750000000000000000e+03 5.175000000000000000e+03 0.000000000000000000e+00
8.745663018693567210e+03 5.360601276949751082e+03 2.050246521901003234e+03
8.730175326965005297e+03 5.774308596008771929e+03 5.400423202467525698e+03
8.708809213366313998e+03 6.497195563034310908e+03 8.860603509607344677e+03
8.747168404309926700e+03 6.460748767653024515e+03 2.023517004548105433e+03
8.748539600826265087e+03 7.561136213740623134e+03 2.021728410853026389e+03
8.749371081539318766e+03 8.661522149162770802e+03 2.030815297391257673e+03
8.750241230127299787e+03 9.761963098015956348e+03 2.043448757843937983e+03
8.750214594930299427e+03 1.086240380927436672e+04 2.053492089963130638e+03
8.750648318334600845e+03 1.196251955176345473e+04 2.056350629474868128e+03
8.751335611224641980e+03 1.306263593463813595e+04 2.054742225398549181e+03
8.751889541743274094e+03 1.416290719203227854e+04 2.051591601988042385e+03
8.752111104867923132e+03 1.526317705714133990e+04 2.048495687330039345e+03
8.751812038062547799e+03 1.636354246842923021e+04 2.045535770768492284e+03
9.001747690414407771e+03 1.636828584371117176e+04 2.044505514930723621e+03
9.243967807295601233e+03 2.873293801674766200e+03 2.096909938296444579e+03
9.245952126976504587e+03 5.368644041302823098e+03 2.049952950007846539e+03
9.808784307553154576e+03 5.382889853599212984e+03 2.049883728127947052e+03
9.815404827613745510e+03 4.876582868389044961e+03 2.063334926015966175e+03
9.818443847779251882e+03 4.256639875027982271e+03 2.078735619016347300e+03
9.816482452269723581e+03 2.888016359505086712e+03 2.102230995877333498e+03
9.825324031861862750e+03 2.078944877259994826e+02 2.050719890764084084e+03
1.037166103919558373e+04 5.396155568160515941e+03 2.050725587899988113e+03
1.090840725734197986e+04 2.301493264844166049e+02 2.050361359486893434e+03
1.091069539520700528e+04 2.909001160732983408e+03 2.103385537283284975e+03
1.091810678802245820e+04 4.282012863442725575e+03 2.078306096257414538e+03
1.091734536042214131e+04 4.902054658694056343e+03 2.064547713738980747e+03
1.091353397673058498e+04 5.404109226068437238e+03 2.052969540446440078e+03
1.200000000000000000e+04 0.000000000000000000e+00 0.000000000000000000e+00
1.199138946860816031e+04 1.992186241451369710e+02 2.050313681059705232e+03
1.199399292886222975e+04 2.881272958675627251e+03 2.085655955654744957e+03
1.200000000000000000e+04 5.175000000000000000e+03 0.000000000000000000e+00
1.199716062761639478e+04 5.379911354095716888e+03 2.057513196421127304e+03
1.197970949234384352e+04 6.090419916881524841e+03 5.422816542230554660e+03
1.195880921336631400e+04 6.479883774530548180e+03 8.898697060362141201e+03
1.199806960033714677e+04 6.484358408880179013e+03 2.042833807315845206e+03
1.200000000000000000e+04 1.067500000000000000e+04 0.000000000000000000e+00
1.200006295490036064e+04 1.090212516721756947e+04 2.063203691309642181e+03
1.199305679060425427e+04 1.160845827735007697e+04 5.462272219930828214e+03
1.198810608621883694e+04 1.197988377453054818e+04 8.895037312480464607e+03
1.201858577957210400e+04 1.365156875299874264e+04 2.050482535900797757e+03
1.200000000000000000e+04 1.617500000000000000e+04 0.000000000000000000e+00
1.200136947258900727e+04 1.650037706170470483e+04 2.027349184938616418e+03
1.200658496680212193e+04 1.710341960241890047e+04 5.418608369318881159e+03
1.201740295907135987e+04 1.747988377453054636e+04 8.809984285201129751e+03
1.400000000000000000e+04 0.000000000000000000e+00 0.000000000000000000e+00
1.399138946858424970e+04 -1.992179012465485926e+02 2.049686325770521307e+03
1.399399292889061871e+04 2.478727765431314310e+03 2.014344255632427348e+03
1.400000000000000000e+04 5.175000000000000000e+03 0.000000000000000000e+00
1.399716062830774354e+04 4.970089371618701080e+03 2.042486824958944908e+03
1.397970951085688648e+04 4.259582704018334880e+03 5.377183518003102108e+03
1.395880925122431654e+04 3.870119913396952143e+03 8.821303043732441438e+03
1.399806960241455454e+04 6.065642313586135970e+03 2.057166137944115690e+03
1.400000000000000000e+04 1.067500000000000000e+04 0.000000000000000000e+00
1.400006295437951485e+04 1.044787554234044546e+04 2.036796345665484750e+03
1.399305680171303175e+04 9.741544386694698915e+03 5.392727877484789133e+03
1.398810609541080521e+04 9.370119913396953052e+03 8.824962785669791629e+03
1.401858573982700909e+04 1.319843193196495849e+04 2.049517465339983119e+03
1.400000000000000000e+04 1.617500000000000000e+04 0.000000000000000000e+00
1.400136947436023183e+04 1.584962389902806171e+04 2.072650752447285413e+03
1.400658496656200987e+04 1.524658304810087429e+04 5.491391530638642507e+03
1.401740293959729388e+04 1.487011991339695305e+04 8.910015577246957037e+03
1.507500725737868015e+04 -2.301486637163825435e+02 2.049638645463075136e+03
1.507729539527228008e+04 2.450999501965105537e+03 1.996614646725583498e+03
1.508470676730648483e+04 3.823987798857287999e+03 2.021694000634495978e+03
1.508394533921401489e+04 4.443946003593239766e+03 2.035452335483935713e+03
1.508013397787309987e+04 4.945891436296137726e+03 2.047030468679626210e+03
1.562166104045979409e+04 4.953845050247260588e+03 2.049274414388346486e+03
1.615872403197601489e+04 -2.078939178355569197e+02 2.049280112700669633e+03
1.617148245248913554e+04 2.471984211027550828e+03 1.997769149372812763e+03
1.618444382653318644e+04 3.840560696136926708e+03 2.021264460883923903e+03
1.618640480613673026e+04 4.460617702789240866e+03 2.036665111121263863e+03
1.618378430901345018e+04 4.967110717374576780e+03 2.050116271668899572e+03
1.674396780762010894e+04 2.486706726791831898e+03 2.003090184840356869e+03
1.674595212855928548e+04 4.981356488146067932e+03 2.050047050439912709e+03
1.700174769011450189e+04 1.598171468802532763e+04 2.055494469450534780e+03
1.725000000000000000e+04 0.000000000000000000e+00 0.000000000000000000e+00
1.724233476118836552e+04 -1.859771878410430759e+02 2.047860154044701403e+03
1.724395157086820473e+04 2.494044105819444667e+03 2.009165022490373303e+03
1.724366984133279038e+04 3.389171101158253350e+03 2.009903351367913501e+03
1.724599293471993587e+04 4.189285075346081612e+03 2.022446870245618129e+03
1.725000000000000000e+04 5.175000000000000000e+03 0.000000000000000000e+00
1.724566302036901834e+04 4.989399230403756519e+03 2.049753480320470771e+03
1.723017534456913199e+04 4.575693066279169216e+03 5.399576802200826023e+03
1.720880925122431654e+04 3.852808141832209003e+03 8.859396497497275050e+03
1.724716840611288717e+04 6.089251740686188896e+03 2.076482925494499341e+03
1.724853960053800620e+04 7.188864295672190565e+03 2.078271514339134683e+03
1.724937108027454087e+04 8.288478361322346245e+03 2.069184652433526026e+03
1.725024122779430036e+04 9.388037413788919366e+03 2.056551225778981461e+03
1.725021459407443035e+04 1.048759670385155187e+04 2.046507920218617073e+03
1.725064831760933521e+04 1.158748096154497762e+04 2.043649387813295107e+03
1.725133560979128015e+04 1.268736457885650088e+04 2.045257787092859189e+03
1.725188953987085551e+04 1.378709332214726601e+04 2.048408401807107566e+03
1.725211110300730434e+04 1.488682345771988184e+04 2.051504308110988859e+03
1.725181203758508127e+04 1.598645804761952422e+04 2.054464216679924448e+03
1.841756498120609467e+04 -1.861258166176826023e+02 2.044833806377995643e+03
1.841891489605678726e+04 2.493766794706221390e+03 2.023914987824272202e+03
1.889065861692841281e+04 -1.871725283914704221e+02 2.043727905428592749e+03
1.889189920924913531e+04 2.492771892939300869e+03 2.028539380581762998e+03
1.889183551761816125e+04 3.387711727137635080e+03 2.032700640979027185e+03
1.889227616474301249e+04 3.740188370374909937e+03 2.035310941676056473e+03
1.889315056388195808e+04 4.187658843146542495e+03 2.038878055319570194e+03
1.889304552178996164e+04 4.987607069102969945e+03 2.044570415681504528e+03
1.889511867181124762e+04 6.087540659086124833e+03 2.049054104076943077e+03
1.889653437008370383e+04 7.187475845403863786e+03 2.050638582781864443e+03
1.889739791320819131e+04 8.287428062207223775e+03 2.050457482872179753e+03
1.889822640606821369e+04 9.387381670862760075e+03 2.049770665299000939e+03
1.889826217207933223e+04 1.048733517765783654e+04 2.049871979659489625e+03
1.889866838214949166e+04 1.158716773334390564e+04 2.050471609837981759e+03
1.889948948995364117e+04 1.268703311129858776e+04 2.050636158477262143e+03
1.889990282809012933e+04 1.378689976786026637e+04 2.050684332769769753e+03
1.890005980509673464e+04 1.488691125610766358e+04 2.050983900472357163e+03
1.890025195084503139e+04 1.598692430551457437e+04 2.051524563036702602e+03
2.000000000000000000e+04 1.067500000000000000e+04 0.000000000000000000e+00
2.000031803821434369e+04 1.048821953352786113e+04 2.050278034708583164e+03
2.000000000000000000e+04 1.617500000000000000e+04 0.000000000000000000e+00
2.000253278806616072e+04 1.598422552420015745e+04 2.051004816321340513e+03
2.000877180957490782e+04 1.546910451317251864e+04 5.457826969275371994e+03
2.001740293959729388e+04 1.483815971973896376e+04 8.863910488460554916e+03
2.109510013002012784e+04 -1.877757976459193685e+02 2.043612510655770393e+03
2.109586376265277795e+04 2.492242857518360324e+03 2.030701023772228154e+03
2.109570629593224294e+04 3.739761536075646745e+03 2.035164919040591712e+03
2.109598496109743792e+04 4.987282824514775712e+03 2.042055769281401354e+03
2.110089440516067771e+04 6.087272803166658377e+03 2.045700419140326630e+03
2.110282661774477310e+04 7.187261209486836378e+03 2.047443010676477797e+03
2.110144193848879877e+04 8.287251512891838502e+03 2.048082743240547643e+03
2.110051139207259257e+04 9.387244092671120598e+03 2.048449052651561487e+03
2.110237367943616846e+04 1.048723886465689611e+04 2.049458944330614486e+03
2.110399770408670156e+04 1.158710567034407723e+04 2.050558257429463993e+03
2.110368164075726600e+04 1.268697497706908507e+04 2.050845194581647320e+03
2.110417601907771677e+04 1.378684676225999829e+04 2.050729247312367988e+03
2.110433862595557002e+04 1.488686407919696285e+04 2.050659859297973071e+03
2.110482718384493637e+04 1.598688472515533613e+04 2.050735769489660925e+03
2.156819459982330955e+04 -1.878083789225464102e+02 2.044735443425020776e+03
2.156877648809221864e+04 1.152194079448252523e+03 2.036003753090533792e+03
2.156885690423632332e+04 2.492197805475942459e+03 2.027168151968040320e+03
2.275000000000000000e+04 0.000000000000000000e+00 0.000000000000000000e+00
2.274342825296340015e+04 -1.877766181325598041e+02 2.048444500252958733e+03
2.274378642883991051e+04 1.152086716045026606e+03 2.029362428918744399e+03
2.274383925958061081e+04 2.492106704275557604e+03 2.015057175420758767e+03
2.274329188826075551e+04 3.739621397673427964e+03 2.016440261256399708e+03
2.275000000000000000e+04 5.175000000000000000e+03 0.000000000000000000e+00
2.274312274586623244e+04 4.987319499735823229e+03 2.047962695459711313e+03
2.272858758101379499e+04 4.569062250437125840e+03 5.395757121767948775e+03
2.270880925122431654e+04 3.823511297645719878e+03 8.853567518749896408e+03
2.274933580461042584e+04 6.086443745521475648e+03 2.077575141142786379e+03
2.275084234315110007e+04 7.185600143467409907e+03 2.082041501903214794e+03
2.274944505533464690e+04 8.284754432377616467e+03 2.072162184585328760e+03
2.274848177564191792e+04 9.383905093106774075e+03 2.057640244839962179e+03
2.275041018772687312e+04 1.048305234497165293e+04 2.045686710328277513e+03
2.275203106650601694e+04 1.158267233556882638e+04 2.041221646751313529e+03
2.275167766600368486e+04 1.268228755582998383e+04 2.042480377852733909e+03
2.275219291917308146e+04 1.378189913766270547e+04 2.046232807818608990e+03
2.275223571663195253e+04 1.488150779101108128e+04 2.050448416517543137e+03
2.275331367949653941e+04 1.598110896542182854e+04 2.054720934864978517e+03
2.300338439391349675e+04 1.597474632482982088e+04 2.056017128972319824e+03
2.382733410775977245e+04 -1.887003941138783034e+02 2.049777695196333298e+03
2.382710198393150858e+04 1.151282814513738685e+03 2.020643404445341730e+03
2.382699510919547174e+04 2.491254489803211072e+03 2.006224258933727242e+03
2.382657505565642714e+04 3.738363225962543311e+03 2.018955551455559316e+03
2.382712989628903961e+04 4.985455628964221432e+03 2.049654662606447346e+03
2.436942939178545566e+04 -2.041717778719360865e+02 2.049720694869434283e+03
2.436909443031415867e+04 4.970429729749054786e+03 2.048780131957584672e+03
2.491110688235840280e+04 -2.290885754338946754e+02 2.049431126593332465e+03
2.491038626647273486e+04 2.450612619497381729e+03 1.983760365096443593e+03
2.491071745507871310e+04 4.945474148070797128e+03 2.045971784217967524e+03
2.600000000000000000e+04 0.000000000000000000e+00 0.000000000000000000e+00
2.599438555919776991e+04 -2.748517934290073299e+02 2.049509438751523248e+03
2.599368187592257527e+04 2.404078600016259770e+03 1.954946396302330186e+03
2.600000000000000000e+04 5.175000000000000000e+03 0.000000000000000000e+00
2.599384207497195530e+04 4.897777689869166352e+03 2.042691650844628384e+03
2.597866054698833977e+04 4.190615840634613050e+03 5.380802431756043006e+03
2.595880925122431654e+04 3.806199526080976284e+03 8.824739005971003280e+03
2.600002596060810174e+04 5.999330537031434687e+03 2.121062776645504528e+03
2.600000000000000000e+04 1.067500000000000000e+04 0.000000000000000000e+00
2.600048350822971042e+04 1.040552564057517884e+04 2.036397624175897818e+03
2.599949755817005644e+04 9.679477691921563746e+03 5.391390026657581075e+03
2.598810609541080339e+04 9.306199526080976284e+03 8.823614735485216443e+03
2.598603050035110573e+04 1.316626840218183315e+04 2.049114610625273144e+03
2.600000000000000000e+04 1.617500000000000000e+04 0.000000000000000000e+00
2.600500495969597250e+04 1.581356381332589990e+04 2.072745369380255852e+03
2.601509273400683014e+04 1.518457629991197609e+04 5.491047975197762753e+03
2.601740293959729388e+04 1.480619952608097628e+04 8.909720536753007764e+03
